%%%%%%%%%%%%%%%%%%%%%%%%%%%%%%%%%%%%%%%%%%%%%%%%%%%%%%%%%%%%%%%%%%%%%%%%%%%
%%%%                                                                  %%%%%
%%%%      NICTA Energy System Test Case Archive (NESTA) - v0.7.0      %%%%%
%%%%           Optimal Power Flow - Small Angle Difference            %%%%%
%%%%                         05 - June - 2017                         %%%%%
%%%%                                                                  %%%%%
%%%%%%%%%%%%%%%%%%%%%%%%%%%%%%%%%%%%%%%%%%%%%%%%%%%%%%%%%%%%%%%%%%%%%%%%%%%
function mpc = nesta_case57_ieee__sad
mpc.version = '2';
mpc.baseMVA = 100.0;

%% bus data
%	bus_i	type	Pd	Qd	Gs	Bs	area	Vm	Va	baseKV	zone	Vmax	Vmin
mpc.bus = [
	1	 3	 55.0	 17.0	 0.0	 0.0	 1	    1.02048	   -0.00000	 0.0	 1	    1.06000	    0.94000;
	2	 2	 3.0	 88.0	 0.0	 0.0	 1	    1.00983	   -0.88821	 0.0	 1	    1.06000	    0.94000;
	3	 2	 41.0	 21.0	 0.0	 0.0	 1	    1.00023	   -3.90593	 0.0	 1	    1.06000	    0.94000;
	4	 1	 0.0	 0.0	 0.0	 0.0	 1	    0.99642	   -5.15643	 0.0	 1	    1.06000	    0.94000;
	5	 1	 13.0	 4.0	 0.0	 0.0	 1	    0.99282	   -6.26487	 0.0	 1	    1.06000	    0.94000;
	6	 2	 75.0	 2.0	 0.0	 0.0	 1	    0.99651	   -6.35719	 0.0	 1	    1.06000	    0.94000;
	7	 1	 0.0	 0.0	 0.0	 0.0	 1	    0.99584	   -5.16437	 0.0	 1	    1.06000	    0.94000;
	8	 2	 150.0	 22.0	 0.0	 0.0	 1	    1.01478	   -2.15630	 0.0	 1	    1.06000	    0.94000;
	9	 2	 121.0	 26.0	 0.0	 0.0	 1	    0.98527	   -5.66347	 0.0	 1	    1.06000	    0.94000;
	10	 1	 5.0	 2.0	 0.0	 0.0	 1	    0.98337	   -5.58965	 0.0	 1	    1.06000	    0.94000;
	11	 1	 0.0	 0.0	 0.0	 0.0	 1	    0.97543	   -5.87667	 0.0	 1	    1.06000	    0.94000;
	12	 2	 377.0	 24.0	 0.0	 0.0	 1	    1.00399	   -2.75600	 0.0	 1	    1.06000	    0.94000;
	13	 1	 18.0	 2.3	 0.0	 0.0	 1	    0.97718	   -5.11797	 0.0	 1	    1.06000	    0.94000;
	14	 1	 10.5	 5.3	 0.0	 0.0	 1	    0.97021	   -5.50276	 0.0	 1	    1.06000	    0.94000;
	15	 1	 22.0	 5.0	 0.0	 0.0	 1	    0.98924	   -4.42527	 0.0	 1	    1.06000	    0.94000;
	16	 1	 43.0	 3.0	 0.0	 0.0	 1	    1.00307	   -3.39318	 0.0	 1	    1.06000	    0.94000;
	17	 1	 42.0	 8.0	 0.0	 0.0	 1	    1.00464	   -2.58320	 0.0	 1	    1.06000	    0.94000;
	18	 1	 27.2	 9.8	 0.0	 10.0	 1	    1.01546	   -9.32095	 0.0	 1	    1.06000	    0.94000;
	19	 1	 3.3	 0.6	 0.0	 0.0	 1	    0.98207	  -10.24728	 0.0	 1	    1.06000	    0.94000;
	20	 1	 2.3	 1.0	 0.0	 0.0	 1	    0.97352	  -10.11483	 0.0	 1	    1.06000	    0.94000;
	21	 1	 0.0	 0.0	 0.0	 0.0	 1	    1.01067	   -9.27528	 0.0	 1	    1.06000	    0.94000;
	22	 1	 0.0	 0.0	 0.0	 0.0	 1	    1.01133	   -9.13586	 0.0	 1	    1.06000	    0.94000;
	23	 1	 6.3	 2.1	 0.0	 0.0	 1	    1.01010	   -9.22244	 0.0	 1	    1.06000	    0.94000;
	24	 1	 0.0	 0.0	 0.0	 0.0	 1	    1.00418	   -9.93708	 0.0	 1	    1.06000	    0.94000;
	25	 1	 6.3	 3.2	 0.0	 5.9	 1	    0.98689	  -14.71249	 0.0	 1	    1.06000	    0.94000;
	26	 1	 0.0	 0.0	 0.0	 0.0	 1	    0.96459	   -9.66973	 0.0	 1	    1.06000	    0.94000;
	27	 1	 9.3	 0.5	 0.0	 0.0	 1	    0.99021	   -8.64188	 0.0	 1	    1.06000	    0.94000;
	28	 1	 4.6	 2.3	 0.0	 0.0	 1	    1.00628	   -7.77902	 0.0	 1	    1.06000	    0.94000;
	29	 1	 17.0	 2.6	 0.0	 0.0	 1	    1.02025	   -7.17690	 0.0	 1	    1.06000	    0.94000;
	30	 1	 3.6	 1.8	 0.0	 0.0	 1	    0.96698	  -15.21885	 0.0	 1	    1.06000	    0.94000;
	31	 1	 5.8	 2.9	 0.0	 0.0	 1	    0.94000	  -15.78695	 0.0	 1	    1.06000	    0.94000;
	32	 1	 1.6	 0.8	 0.0	 0.0	 1	    0.95335	  -14.78199	 0.0	 1	    1.06000	    0.94000;
	33	 1	 3.8	 1.9	 0.0	 0.0	 1	    0.95107	  -14.82137	 0.0	 1	    1.06000	    0.94000;
	34	 1	 0.0	 0.0	 0.0	 0.0	 1	    0.96085	  -10.34229	 0.0	 1	    1.06000	    0.94000;
	35	 1	 6.0	 3.0	 0.0	 0.0	 1	    0.96780	  -10.08672	 0.0	 1	    1.06000	    0.94000;
	36	 1	 0.0	 0.0	 0.0	 0.0	 1	    0.97739	   -9.80627	 0.0	 1	    1.06000	    0.94000;
	37	 1	 0.0	 0.0	 0.0	 0.0	 1	    0.98634	   -9.61996	 0.0	 1	    1.06000	    0.94000;
	38	 1	 14.0	 7.0	 0.0	 0.0	 1	    1.01390	   -8.93323	 0.0	 1	    1.06000	    0.94000;
	39	 1	 0.0	 0.0	 0.0	 0.0	 1	    0.98432	   -9.65857	 0.0	 1	    1.06000	    0.94000;
	40	 1	 0.0	 0.0	 0.0	 0.0	 1	    0.97445	   -9.81875	 0.0	 1	    1.06000	    0.94000;
	41	 1	 6.3	 3.0	 0.0	 0.0	 1	    0.99806	   -9.86103	 0.0	 1	    1.06000	    0.94000;
	42	 1	 7.1	 4.4	 0.0	 0.0	 1	    0.96787	  -11.37990	 0.0	 1	    1.06000	    0.94000;
	43	 1	 2.0	 1.0	 0.0	 0.0	 1	    1.01116	   -7.06459	 0.0	 1	    1.06000	    0.94000;
	44	 1	 12.0	 1.8	 0.0	 0.0	 1	    1.01760	   -8.28194	 0.0	 1	    1.06000	    0.94000;
	45	 1	 0.0	 0.0	 0.0	 0.0	 1	    1.03567	   -6.16654	 0.0	 1	    1.06000	    0.94000;
	46	 1	 0.0	 0.0	 0.0	 0.0	 1	    1.06000	   -7.22912	 0.0	 1	    1.06000	    0.94000;
	47	 1	 29.7	 11.6	 0.0	 0.0	 1	    1.03380	   -8.58841	 0.0	 1	    1.06000	    0.94000;
	48	 1	 0.0	 0.0	 0.0	 0.0	 1	    1.02812	   -8.67564	 0.0	 1	    1.06000	    0.94000;
	49	 1	 18.0	 8.5	 0.0	 0.0	 1	    1.03716	   -8.58476	 0.0	 1	    1.06000	    0.94000;
	50	 1	 21.0	 10.5	 0.0	 0.0	 1	    1.02349	   -8.57108	 0.0	 1	    1.06000	    0.94000;
	51	 1	 18.0	 5.3	 0.0	 0.0	 1	    1.05143	   -6.85875	 0.0	 1	    1.06000	    0.94000;
	52	 1	 4.9	 2.2	 0.0	 0.0	 1	    0.99033	   -8.57271	 0.0	 1	    1.06000	    0.94000;
	53	 1	 20.0	 10.0	 0.0	 6.3	 1	    0.98069	   -9.15054	 0.0	 1	    1.06000	    0.94000;
	54	 1	 4.1	 1.4	 0.0	 0.0	 1	    1.00496	   -8.22033	 0.0	 1	    1.06000	    0.94000;
	55	 1	 6.8	 3.4	 0.0	 0.0	 1	    1.03830	   -6.96895	 0.0	 1	    1.06000	    0.94000;
	56	 1	 7.6	 2.2	 0.0	 0.0	 1	    0.96919	  -11.98094	 0.0	 1	    1.06000	    0.94000;
	57	 1	 6.7	 2.0	 0.0	 0.0	 1	    0.96542	  -12.54679	 0.0	 1	    1.06000	    0.94000;
];

%% generator data
%	bus	Pg	Qg	Qmax	Qmin	Vg	mBase	status	Pmax	Pmin	Pc1	Pc2	Qc1min	Qc1max	Qc2min	Qc2max	ramp_agc	ramp_10	ramp_30	ramp_q	apf
mpc.gen = [
	1	 282.0	 51.227	 141.0	 -140.0	 1.02048	 100.0	 1	 282.0	 0.0	 0.0	 0.0	 0.0	 0.0	 0.0	 0.0	 0.0	 0.0	 0.0	 0.0	 0.0;
	2	 0.0	 50.0	 50.0	 -17.0	 1.00983	 100.0	 1	 0.0	 0.0	 0.0	 0.0	 0.0	 0.0	 0.0	 0.0	 0.0	 0.0	 0.0	 0.0	 0.0;
	3	 61.0	 30.999	 31.0	 -10.0	 1.00023	 100.0	 1	 61.0	 0.0	 0.0	 0.0	 0.0	 0.0	 0.0	 0.0	 0.0	 0.0	 0.0	 0.0	 0.0;
	6	 0.0	 9.673	 25.0	 -8.0	 0.99651	 100.0	 1	 0.0	 0.0	 0.0	 0.0	 0.0	 0.0	 0.0	 0.0	 0.0	 0.0	 0.0	 0.0	 0.0;
	8	 399.272	 71.205	 200.0	 -140.0	 1.01478	 100.0	 1	 510.0	 0.0	 0.0	 0.0	 0.0	 0.0	 0.0	 0.0	 0.0	 0.0	 0.0	 0.0	 0.0;
	9	 0.0	 9.0	 9.0	 -3.0	 0.98527	 100.0	 1	 0.0	 0.0	 0.0	 0.0	 0.0	 0.0	 0.0	 0.0	 0.0	 0.0	 0.0	 0.0	 0.0;
	12	 524.0	 45.729	 155.0	 -150.0	 1.00399	 100.0	 1	 524.0	 0.0	 0.0	 0.0	 0.0	 0.0	 0.0	 0.0	 0.0	 0.0	 0.0	 0.0	 0.0;
];

%% generator cost data
%	2	startup	shutdown	n	c(n-1)	...	c0
mpc.gencost = [
	2	 0.0	 0.0	 3	   0.000000	   0.750694	   0.000000;
	2	 0.0	 0.0	 3	   0.000000	   0.000000	   0.000000;
	2	 0.0	 0.0	 3	   0.000000	   0.836961	   0.000000;
	2	 0.0	 0.0	 3	   0.000000	   0.000000	   0.000000;
	2	 0.0	 0.0	 3	   0.000000	   1.172038	   0.000000;
	2	 0.0	 0.0	 3	   0.000000	   0.000000	   0.000000;
	2	 0.0	 0.0	 3	   0.000000	   0.787329	   0.000000;
];

%% branch data
%	fbus	tbus	r	x	b	rateA	rateB	rateC	ratio	angle	status	angmin	angmax
