%%%%%%%%%%%%%%%%%%%%%%%%%%%%%%%%%%%%%%%%%%%%%%%%%%%%%%%%%%%%%%%%%%%%%%%%%%%
%%%%                                                                  %%%%%
%%%%      NICTA Energy System Test Case Archive (NESTA) - v0.7.0      %%%%%
%%%%           Optimal Power Flow - Small Angle Difference            %%%%%
%%%%                         05 - June - 2017                         %%%%%
%%%%                                                                  %%%%%
%%%%%%%%%%%%%%%%%%%%%%%%%%%%%%%%%%%%%%%%%%%%%%%%%%%%%%%%%%%%%%%%%%%%%%%%%%%
function mpc = nesta_case30_ieee__sad
mpc.version = '2';
mpc.baseMVA = 100.0;

%% bus data
%	bus_i	type        Pd      Qd     Gs	Bs	area	Vm	Va	baseKV	zone	Vmax	Vmin
mpc.bus = [
	1	 3	 0.0	 0.0	 0.0	 0.0	 1	    1.06000	   -0.00000	 132.0	 1	    1.06000	    0.94000;
	2	 2	 21.7	 12.7	 0.0	 0.0	 1	    1.03592	   -4.11149	 132.0	 1	    1.06000	    0.94000;
	3	 1	 2.4	 1.2	 0.0	 0.0	 1	    1.01502	   -6.85372	 132.0	 1	    1.06000	    0.94000;
	4	 1	 7.6	 1.6	 0.0	 0.0	 1	    1.00446	   -8.44573	 132.0	 1	    1.06000	    0.94000;
	5	 2	 94.2	 19.0	 0.0	 0.0	 1	    0.99748	  -13.13219	 132.0	 1	    1.06000	    0.94000;
	6	 1	 0.0	 0.0	 0.0	 0.0	 1	    1.00169	  -10.15670	 132.0	 1	    1.06000	    0.94000;
	7	 1	 22.8	 10.9	 0.0	 0.0	 1	    0.99208	  -11.91709	 132.0	 1	    1.06000	    0.94000;
	8	 2	 30.0	 30.0	 0.0	 0.0	 1	    1.00241	  -10.93464	 132.0	 1	    1.06000	    0.94000;
	9	 1	 0.0	 0.0	 0.0	 0.0	 1	    1.03671	  -13.26617	 1.0	 1	    1.06000	    0.94000;
	10	 1	 5.8	 2.0	 0.0	 19.0	 1	    1.03220	  -14.89731	 33.0	 1	    1.06000	    0.94000;
	11	 2	 0.0	 0.0	 0.0	 0.0	 1	    1.06000	  -13.26617	 11.0	 1	    1.06000	    0.94000;
	12	 1	 11.2	 7.5	 0.0	 0.0	 1	    1.04625	  -14.18876	 33.0	 1	    1.06000	    0.94000;
	13	 2	 0.0	 0.0	 0.0	 0.0	 1	    1.06000	  -14.18876	 11.0	 1	    1.06000	    0.94000;
	14	 1	 6.2	 1.6	 0.0	 0.0	 1	    1.03103	  -15.09457	 33.0	 1	    1.06000	    0.94000;
	15	 1	 8.2	 2.5	 0.0	 0.0	 1	    1.02621	  -15.17833	 33.0	 1	    1.06000	    0.94000;
	16	 1	 3.5	 1.8	 0.0	 0.0	 1	    1.03259	  -14.75320	 33.0	 1	    1.06000	    0.94000;
	17	 1	 9.0	 5.8	 0.0	 0.0	 1	    1.02725	  -15.07477	 33.0	 1	    1.06000	    0.94000;
	18	 1	 3.2	 0.9	 0.0	 0.0	 1	    1.01602	  -15.79034	 33.0	 1	    1.06000	    0.94000;
	19	 1	 9.5	 3.4	 0.0	 0.0	 1	    1.01317	  -15.95831	 33.0	 1	    1.06000	    0.94000;
	20	 1	 2.2	 0.7	 0.0	 0.0	 1	    1.01714	  -15.75155	 33.0	 1	    1.06000	    0.94000;
	21	 1	 17.5	 11.2	 0.0	 0.0	 1	    1.01982	  -15.35269	 33.0	 1	    1.06000	    0.94000;
	22	 1	 0.0	 0.0	 0.0	 0.0	 1	    1.02041	  -15.33862	 33.0	 1	    1.06000	    0.94000;
	23	 1	 3.2	 1.6	 0.0	 0.0	 1	    1.01532	  -15.56402	 33.0	 1	    1.06000	    0.94000;
	24	 1	 8.7	 6.7	 0.0	 4.3	 1	    1.00930	  -15.72599	 33.0	 1	    1.06000	    0.94000;
	25	 1	 0.0	 0.0	 0.0	 0.0	 1	    1.00621	  -15.29140	 33.0	 1	    1.06000	    0.94000;
	26	 1	 3.5	 2.3	 0.0	 0.0	 1	    0.98833	  -15.72056	 33.0	 1	    1.06000	    0.94000;
	27	 1	 0.0	 0.0	 0.0	 0.0	 1	    1.01294	  -14.75622	 33.0	 1	    1.06000	    0.94000;
	28	 1	 0.0	 0.0	 0.0	 0.0	 1	    0.99824	  -10.79564	 132.0	 1	    1.06000	    0.94000;
	29	 1	 2.4	 0.9	 0.0	 0.0	 1	    0.99288	  -16.01184	 33.0	 1	    1.06000	    0.94000;
	30	 1	 10.6	 1.9	 0.0	 0.0	 1	    0.98128	  -16.91371	 33.0	 1	    1.06000	    0.94000;
];

%% generator data
%	bus	Pg	Qg	Qmax	Qmin	Vg	mBase	status	Pmax	Pmin	Pc1	Pc2	Qc1min	Qc1max	Qc2min	Qc2max	ramp_agc	ramp_10	ramp_30	ramp_q	apf
mpc.gen = [
	1	 218.839	 9.373	 10.0	 0.0	 1.06	 100.0	 1	 784.0	 0.0	 0.0	 0.0	 0.0	 0.0	 0.0	 0.0	 0.0	 0.0	 0.0	 0.0	 0.0;
	2	 80.05	 24.589	 50.0	 -40.0	 1.03592	 100.0	 1	 100.0	 0.0	 0.0	 0.0	 0.0	 0.0	 0.0	 0.0	 0.0	 0.0	 0.0	 0.0	 0.0;
	5	 0.0	 32.487	 40.0	 -40.0	 0.99748	 100.0	 1	 0.0	 0.0	 0.0	 0.0	 0.0	 0.0	 0.0	 0.0	 0.0	 0.0	 0.0	 0.0	 0.0;
	8	 0.0	 40.0	 40.0	 -10.0	 1.00241	 100.0	 1	 0.0	 0.0	 0.0	 0.0	 0.0	 0.0	 0.0	 0.0	 0.0	 0.0	 0.0	 0.0	 0.0;
	11	 0.0	 11.87	 24.0	 -6.0	 1.06	 100.0	 1	 0.0	 0.0	 0.0	 0.0	 0.0	 0.0	 0.0	 0.0	 0.0	 0.0	 0.0	 0.0	 0.0;
	13	 0.0	 10.414	 24.0	 -6.0	 1.06	 100.0	 1	 0.0	 0.0	 0.0	 0.0	 0.0	 0.0	 0.0	 0.0	 0.0	 0.0	 0.0	 0.0	 0.0;
];

%% generator cost data
%	2	startup	shutdown	n	c(n-1)	...	c0
mpc.gencost = [
	2	 0.0	 0.0	 3	   0.000000	   0.521378	   0.000000;
	2	 0.0	 0.0	 3	   0.000000	   1.135166	   0.000000;
	2	 0.0	 0.0	 3	   0.000000	   0.000000	   0.000000;
	2	 0.0	 0.0	 3	   0.000000	   0.000000	   0.000000;
	2	 0.0	 0.0	 3	   0.000000	   0.000000	   0.000000;
	2	 0.0	 0.0	 3	   0.000000	   0.000000	   0.000000;
];

%% branch data
%	fbus	tbus	r	x	b	rateA	rateB	rateC	ratio	angle	status	angmin	angmax
