%%%%%%%%%%%%%%%%%%%%%%%%%%%%%%%%%%%%%%%%%%%%%%%%%%%%%%%%%%%%%%%%%%%%%%%%%%%
%%%%                                                                  %%%%%
%%%%      NICTA Energy System Test Case Archive (NESTA) - v0.7.0      %%%%%
%%%%           Optimal Power Flow - Small Angle Difference            %%%%%
%%%%                         05 - June - 2017                         %%%%%
%%%%                                                                  %%%%%
%%%%%%%%%%%%%%%%%%%%%%%%%%%%%%%%%%%%%%%%%%%%%%%%%%%%%%%%%%%%%%%%%%%%%%%%%%%
function mpc = nesta_case189_edin__sad
mpc.version = '2';
mpc.baseMVA = 100.0;

%% area data
%	area	refbus
mpc.areas = [
	1	 1;
];

%% bus data
%	bus_i	type	Pd	Qd	Gs	Bs	area	Vm	Va	baseKV	zone	Vmax	Vmin
mpc.bus = [
	1	 1	 0.0	 0.0	 0.0	 0.0	 1	    1.04911	   -8.36872	 220.0	 1	    1.10000	    0.90000;
	2	 2	 0.59	 0.26	 0.0	 0.0	 1	    1.08380	   -1.22364	 13.8	 1	    1.10000	    0.90000;
	3	 2	 3.52	 1.53	 0.0	 0.0	 1	    1.08241	   -1.90615	 13.8	 1	    1.10000	    0.90000;
	4	 2	 0.0	 0.0	 0.0	 0.0	 1	    1.06711	   -8.39413	 13.8	 1	    1.10000	    0.90000;
	5	 1	 0.0	 0.0	 0.0	 0.0	 1	    1.07616	   -2.06445	 66.0	 1	    1.10000	    0.90000;
	6	 1	 0.0	 0.0	 0.0	 0.0	 1	    1.07616	   -2.06479	 66.0	 1	    1.10000	    0.90000;
	7	 1	 0.0	 0.0	 0.0	 0.0	 1	    1.06753	   -6.62089	 220.0	 1	    1.10000	    0.90000;
	8	 2	 0.0	 0.0	 0.0	 0.0	 1	    1.08580	   -4.73525	 10.5	 1	    1.10000	    0.90000;
	9	 2	 0.0	 0.0	 0.0	 0.0	 1	    1.08696	   -4.61163	 10.5	 1	    1.10000	    0.90000;
	10	 3	 0.0	 0.0	 0.0	 0.0	 1	    1.10000	   -0.00000	 10.5	 1	    1.10000	    0.90000;
	11	 1	 0.0	 0.0	 0.0	 0.0	 1	    1.07694	   -7.05448	 132.0	 1	    1.10000	    0.90000;
	12	 1	 0.0	 0.0	 0.0	 0.0	 1	    1.06474	   -6.79914	 220.0	 1	    1.10000	    0.90000;
	13	 2	 0.0	 0.0	 0.0	 0.0	 1	    1.10000	    1.24182	 13.8	 1	    1.10000	    0.90000;
	14	 2	 0.0	 0.0	 0.0	 0.0	 1	    1.10000	   -4.06275	 13.8	 1	    1.10000	    0.90000;
	15	 1	 0.0	 0.0	 0.0	 0.0	 1	    1.06837	   -6.63107	 220.0	 1	    1.10000	    0.90000;
	16	 2	 0.0	 0.0	 0.0	 0.0	 1	    1.08844	   -6.68468	 11.0	 1	    1.10000	    0.90000;
	17	 1	 0.0	 0.0	 0.0	 0.0	 1	    1.04959	   -8.52990	 220.0	 1	    1.10000	    0.90000;
	18	 2	 0.0	 0.0	 0.0	 0.0	 1	    1.09861	   -8.66283	 11.0	 1	    1.10000	    0.90000;
	19	 2	 0.0	 0.0	 0.0	 0.0	 1	    1.09619	   -0.71947	 11.0	 1	    1.10000	    0.90000;
	20	 1	 0.0	 0.0	 0.0	 0.0	 1	    1.04974	   -8.53080	 220.0	 1	    1.10000	    0.90000;
	21	 1	 0.0	 0.0	 0.0	 0.0	 1	    1.04604	   -8.68450	 220.0	 1	    1.10000	    0.90000;
	22	 1	 7.33	 7.1	 0.0	 0.0	 1	    1.03426	   -3.74597	 66.0	 1	    1.10000	    0.90000;
	23	 1	 2.84	 1.89	 0.0	 0.0	 1	    1.05249	   -3.06258	 66.0	 1	    1.10000	    0.90000;
	24	 1	 5.61	 4.73	 0.0	 0.0	 1	    1.03257	   -4.01689	 66.0	 1	    1.10000	    0.90000;
	25	 1	 0.0	 0.0	 0.0	 0.0	 1	    1.02908	  -10.30009	 220.0	 1	    1.10000	    0.90000;
	26	 1	 0.0	 0.0	 0.0	 0.0	 1	    1.04425	   -7.78815	 132.0	 1	    1.10000	    0.90000;
	27	 2	 0.0	 0.0	 0.0	 0.0	 1	    1.05646	   -7.69217	 10.5	 1	    1.10000	    0.90000;
	28	 2	 0.0	 0.0	 0.0	 0.0	 1	    1.05839	   -5.81528	 10.5	 1	    1.10000	    0.90000;
	29	 2	 0.0	 0.0	 0.0	 0.0	 1	    1.05142	   -7.13548	 10.5	 1	    1.10000	    0.90000;
	30	 1	 0.0	 0.0	 0.0	 0.0	 1	    1.04570	   -4.71467	 66.0	 1	    1.10000	    0.90000;
	31	 1	 0.0	 0.0	 0.0	 0.0	 1	    1.06195	   -3.88938	 66.0	 1	    1.10000	    0.90000;
	32	 2	 0.0	 0.0	 0.0	 0.0	 1	    1.06892	   -3.23925	 6.6	 1	    1.10000	    0.90000;
	33	 2	 0.0	 0.0	 0.0	 0.0	 1	    1.07318	   -3.35274	 6.6	 1	    1.10000	    0.90000;
	34	 1	 0.0	 0.0	 0.0	 0.0	 1	    1.06195	   -3.88938	 6.6	 1	    1.10000	    0.90000;
	35	 1	 0.0	 0.0	 0.0	 0.0	 1	    1.04863	   -4.32183	 66.0	 1	    1.10000	    0.90000;
	36	 2	 0.0	 0.0	 0.0	 0.0	 1	    1.05228	   -2.57650	 6.6	 1	    1.10000	    0.90000;
	37	 1	 2.83	 1.23	 0.0	 0.0	 1	    1.02414	   -6.63321	 11.0	 1	    1.10000	    0.90000;
	38	 1	 5.85	 3.53	 0.0	 0.0	 1	    1.04862	   -4.32214	 66.0	 1	    1.10000	    0.90000;
	39	 1	 0.0	 0.0	 0.0	 0.0	 1	    1.01564	  -11.46678	 220.0	 1	    1.10000	    0.90000;
	40	 1	 0.0	 0.0	 0.0	 0.0	 1	    1.02207	   -9.66507	 132.0	 1	    1.10000	    0.90000;
	41	 1	 0.0	 0.0	 0.0	 0.0	 1	    1.01587	  -11.46018	 220.0	 1	    1.10000	    0.90000;
	42	 2	 0.0	 0.0	 0.0	 0.0	 1	    1.04306	   -8.61338	 11.0	 1	    1.10000	    0.90000;
	43	 2	 0.0	 0.0	 0.0	 0.0	 1	    1.04419	   -7.90811	 11.0	 1	    1.10000	    0.90000;
	44	 1	 8.26	 5.12	 0.0	 0.0	 1	    1.02987	   -4.57337	 66.0	 1	    1.10000	    0.90000;
	45	 1	 4.01	 2.73	 0.0	 0.0	 1	    1.02525	   -4.71690	 33.0	 1	    1.10000	    0.90000;
	46	 1	 0.0	 0.0	 0.0	 0.0	 1	    1.03049	  -10.15185	 220.0	 1	    1.10000	    0.90000;
	47	 1	 0.0	 0.0	 0.0	 0.0	 1	    1.02207	   -9.66508	 132.0	 1	    1.10000	    0.90000;
	48	 1	 0.0	 0.0	 0.0	 0.0	 1	    1.01564	  -11.46679	 220.0	 1	    1.10000	    0.90000;
	49	 1	 7.55	 2.5	 0.0	 0.0	 1	    1.05318	   -9.32495	 132.0	 1	    1.10000	    0.90000;
	50	 2	 0.0	 0.0	 0.0	 0.0	 1	    1.06962	   -6.99674	 11.0	 1	    1.10000	    0.90000;
	51	 2	 0.0	 0.0	 0.0	 0.0	 1	    1.06753	   -9.37816	 11.0	 1	    1.10000	    0.90000;
	52	 2	 0.0	 0.0	 0.0	 0.0	 1	    1.06998	   -5.01134	 11.0	 1	    1.10000	    0.90000;
	53	 2	 0.0	 0.0	 0.0	 0.0	 1	    1.06753	   -9.37816	 11.0	 1	    1.10000	    0.90000;
	54	 1	 6.23	 2.05	 0.0	 0.0	 1	    1.04433	   -4.60657	 66.0	 1	    1.10000	    0.90000;
	55	 1	 0.0	 0.0	 0.0	 0.0	 1	    1.05251	   -9.36352	 132.0	 1	    1.10000	    0.90000;
	56	 1	 0.0	 0.0	 0.0	 0.0	 1	    1.04107	  -10.18163	 132.0	 1	    1.10000	    0.90000;
	57	 1	 0.0	 0.0	 0.0	 0.0	 1	    1.01067	  -12.12561	 220.0	 1	    1.10000	    0.90000;
	58	 1	 0.0	 0.0	 0.0	 0.3	 1	    1.03533	  -10.31295	 132.0	 1	    1.10000	    0.90000;
	59	 1	 0.0	 0.0	 0.0	 0.0	 1	    1.03259	  -10.43071	 132.0	 1	    1.10000	    0.90000;
	60	 1	 200.86	 68.47	 0.0	 0.0	 1	    0.95042	  -19.27311	 21.0	 1	    1.10000	    0.90000;
	61	 1	 0.0	 0.0	 0.0	 0.0	 1	    0.99755	  -13.09256	 220.0	 1	    1.10000	    0.90000;
	62	 1	 0.0	 0.0	 0.0	 0.0	 1	    0.99896	  -12.96421	 220.0	 1	    1.10000	    0.90000;
	63	 1	 110.14	 36.81	 0.0	 0.0	 1	    0.93910	  -21.00517	 33.0	 1	    1.10000	    0.90000;
	64	 1	 0.0	 0.0	 0.0	 0.0	 1	    1.00026	  -12.88270	 220.0	 1	    1.10000	    0.90000;
	65	 1	 50.0	 12.0	 0.0	 0.0	 1	    0.98245	  -16.36519	 33.0	 1	    1.10000	    0.90000;
	66	 1	 0.0	 0.0	 0.0	 0.0	 1	    0.99907	  -13.00478	 220.0	 1	    1.10000	    0.90000;
	67	 1	 80.0	 20.0	 0.0	 0.0	 1	    0.96725	  -18.67561	 33.0	 1	    1.10000	    0.90000;
	68	 1	 56.0	 14.0	 0.0	 0.0	 1	    0.97809	  -16.92703	 33.0	 1	    1.10000	    0.90000;
	69	 1	 0.0	 0.0	 0.0	 0.0	 1	    1.03693	  -10.37490	 132.0	 1	    1.10000	    0.90000;
	70	 1	 34.04	 20.9	 0.0	 0.0	 1	    1.02360	  -11.44702	 33.0	 1	    1.10000	    0.90000;
	71	 1	 0.0	 0.0	 0.0	 0.08	 1	    1.00086	  -12.81116	 220.0	 1	    1.10000	    0.90000;
	72	 1	 0.0	 0.0	 0.0	 0.43	 1	    0.99930	   -9.13744	 132.0	 1	    1.10000	    0.90000;
	73	 1	 0.0	 0.0	 0.0	 0.0	 1	    0.99867	   -9.17723	 132.0	 1	    1.10000	    0.90000;
	74	 1	 17.33	 9.28	 0.0	 0.0	 1	    0.98738	  -10.13032	 11.0	 1	    1.10000	    0.90000;
	75	 1	 0.0	 0.0	 0.0	 0.0	 1	    1.01163	  -11.84391	 220.0	 1	    1.10000	    0.90000;
	76	 1	 0.0	 0.0	 0.0	 0.75	 1	    0.98817	  -16.01566	 220.0	 1	    1.10000	    0.90000;
	77	 1	 0.55	 0.24	 0.0	 0.0	 1	    0.98425	  -15.17271	 132.0	 1	    1.10000	    0.90000;
	78	 1	 7.76	 3.38	 0.0	 0.0	 1	    0.98116	  -15.53622	 66.0	 1	    1.10000	    0.90000;
	79	 1	 0.0	 0.0	 0.0	 0.0	 1	    0.98116	  -15.53622	 11.0	 1	    1.10000	    0.90000;
	80	 1	 125.01	 31.3	 0.0	 0.0	 1	    0.98602	  -16.29694	 220.0	 1	    1.10000	    0.90000;
	81	 1	 379.0	 92.49	 0.0	 0.0	 1	    0.98565	  -16.42130	 220.0	 1	    1.10000	    0.90000;
