%%%%%%%%%%%%%%%%%%%%%%%%%%%%%%%%%%%%%%%%%%%%%%%%%%%%%%%%%%%%%%%%%%%%%%%%%%%
%%%%                                                                  %%%%%
%%%%      NICTA Energy System Test Case Archive (NESTA) - v0.7.0      %%%%%
%%%%            Optimal Power Flow - Active Power Increase            %%%%%
%%%%                         05 - June - 2017                         %%%%%
%%%%                                                                  %%%%%
%%%%%%%%%%%%%%%%%%%%%%%%%%%%%%%%%%%%%%%%%%%%%%%%%%%%%%%%%%%%%%%%%%%%%%%%%%%
function mpc = nesta_case39_epri__api
mpc.version = '2';
mpc.baseMVA = 100.0;

%% bus data
%	bus_i	type	Pd	Qd	Gs	Bs	area	Vm	Va	baseKV	zone	Vmax	Vmin
mpc.bus = [
	1	 1	 160.92	 44.20	 0.0	 0.0	 2	    1.05517	  -17.33986	 345.0	 1	    1.06000	    0.94000;
	2	 1	 0.00	 0.00	 0.0	 0.0	 2	    1.04148	  -22.02249	 345.0	 1	    1.06000	    0.94000;
	3	 1	 530.89	 2.40	 0.0	 0.0	 2	    1.02315	  -25.95329	 345.0	 1	    1.06000	    0.94000;
	4	 1	 824.36	 184.00	 0.0	 0.0	 1	    1.00595	  -24.65555	 345.0	 1	    1.06000	    0.94000;
	5	 1	 0.00	 0.00	 0.0	 0.0	 1	    1.01731	  -20.41315	 345.0	 1	    1.06000	    0.94000;
	6	 1	 0.00	 0.00	 0.0	 0.0	 1	    1.02235	  -19.07403	 345.0	 1	    1.06000	    0.94000;
	7	 1	 385.47	 84.00	 0.0	 0.0	 1	    1.01022	  -22.04216	 345.0	 1	    1.06000	    0.94000;
	8	 1	 860.63	 176.60	 0.0	 0.0	 1	    1.00920	  -22.56059	 345.0	 1	    1.06000	    0.94000;
	9	 1	 6.50	 -66.60	 0.0	 0.0	 1	    1.05810	  -16.57143	 345.0	 1	    1.06000	    0.94000;
	10	 1	 0.00	 0.00	 0.0	 0.0	 1	    1.03325	  -17.63346	 345.0	 1	    1.06000	    0.94000;
	11	 1	 0.00	 0.00	 0.0	 0.0	 1	    1.02834	  -18.15657	 345.0	 1	    1.06000	    0.94000;
	12	 1	 14.06	 88.00	 0.0	 0.0	 1	    1.01417	  -18.69417	 345.0	 1	    1.06000	    0.94000;
	13	 1	 0.00	 0.00	 0.0	 0.0	 1	    1.02616	  -18.97215	 345.0	 1	    1.06000	    0.94000;
	14	 1	 0.00	 0.00	 0.0	 0.0	 1	    1.01493	  -22.24729	 345.0	 1	    1.06000	    0.94000;
	15	 1	 527.59	 153.00	 0.0	 0.0	 3	    1.00733	  -25.35133	 345.0	 1	    1.06000	    0.94000;
	16	 1	 542.43	 32.30	 0.0	 0.0	 3	    1.02112	  -23.98710	 345.0	 1	    1.06000	    0.94000;
	17	 1	 0.00	 0.00	 0.0	 0.0	 2	    1.02309	  -25.51370	 345.0	 1	    1.06000	    0.94000;
	18	 1	 260.50	 30.00	 0.0	 0.0	 2	    1.02134	  -26.40315	 345.0	 1	    1.06000	    0.94000;
	19	 1	 0.00	 0.00	 0.0	 0.0	 3	    1.05686	  -18.18132	 345.0	 1	    1.06000	    0.94000;
	20	 1	 1121.13	 103.00	 0.0	 0.0	 3	    1.01097	  -20.62322	 345.0	 1	    1.06000	    0.94000;
	21	 1	 451.75	 115.00	 0.0	 0.0	 3	    1.01337	  -20.97308	 345.0	 1	    1.06000	    0.94000;
	22	 1	 0.00	 0.00	 0.0	 0.0	 3	    1.02923	  -14.42510	 345.0	 1	    1.06000	    0.94000;
	23	 1	 408.06	 84.60	 0.0	 0.0	 3	    1.02497	  -14.45875	 345.0	 1	    1.06000	    0.94000;
	24	 1	 308.60	 -92.20	 0.0	 0.0	 3	    1.02441	  -23.48478	 345.0	 1	    1.06000	    0.94000;
	25	 1	 369.31	 47.20	 0.0	 0.0	 2	    1.04295	  -19.99555	 345.0	 1	    1.06000	    0.94000;
	26	 1	 229.17	 17.00	 0.0	 0.0	 2	    1.04313	  -23.85158	 345.0	 1	    1.06000	    0.94000;
	27	 1	 463.29	 75.50	 0.0	 0.0	 2	    1.02641	  -26.57426	 345.0	 1	    1.06000	    0.94000;
	28	 1	 339.64	 27.60	 0.0	 0.0	 3	    1.05352	  -20.40545	 345.0	 1	    1.06000	    0.94000;
	29	 1	 467.41	 26.90	 0.0	 0.0	 3	    1.06000	  -16.67083	 345.0	 1	    1.06000	    0.94000;
	30	 2	 0.00	 0.00	 0.0	 0.0	 2	    1.06000	  -22.02249	 345.0	 1	    1.06000	    0.94000;
	31	 3	 15.17	 4.60	 0.0	 0.0	 1	    1.06000	    0.00000	 345.0	 1	    1.06000	    0.94000;
	32	 2	 0.00	 0.00	 0.0	 0.0	 1	    1.02376	   -8.05997	 345.0	 1	    1.06000	    0.94000;
	33	 2	 0.00	 0.00	 0.0	 0.0	 3	    1.00883	  -10.99820	 345.0	 1	    1.06000	    0.94000;
	34	 2	 0.00	 0.00	 0.0	 0.0	 3	    1.06000	  -12.78307	 345.0	 1	    1.06000	    0.94000;
	35	 2	 0.00	 0.00	 0.0	 0.0	 3	    1.03117	   -7.56023	 345.0	 1	    1.06000	    0.94000;
	36	 2	 0.00	 0.00	 0.0	 0.0	 3	    1.06000	   -1.88362	 345.0	 1	    1.06000	    0.94000;
	37	 2	 0.00	 0.00	 0.0	 0.0	 2	    0.99570	   -8.35687	 345.0	 1	    1.06000	    0.94000;
	38	 2	 0.00	 0.00	 0.0	 0.0	 3	    1.05721	   -7.02647	 345.0	 1	    1.06000	    0.94000;
	39	 2	 1820.19	 250.00	 0.0	 0.0	 1	    1.06000	  -12.44432	 345.0	 1	    1.06000	    0.94000;
];

%% generator data
%	bus	Pg	Qg	Qmax	Qmin	Vg	mBase	status	Pmax	Pmin	Pc1	Pc2	Qc1min	Qc1max	Qc2min	Qc2max	ramp_agc	ramp_10	ramp_30	ramp_q	apf
mpc.gen = [
	30	 0.0	 257.198	 400.0	 -283.2	 1.06	 100.0	 1	 181	 0.0	 0.0	 0.0	 0.0	 0.0	 0.0	 0.0	 0.0	 0.0	 0.0	 0.0	 0.0; % COW
	31	 1339.05	 670.25	 853.2	 -853.2	 1.06	 100.0	 1	 1576	 0.0	 0.0	 0.0	 0.0	 0.0	 0.0	 0.0	 0.0	 0.0	 0.0	 0.0	 0.0; % COW
	32	 822.08	 366.313	 481.2	 -481.2	 1.02376	 100.0	 1	 962	 0.0	 0.0	 0.0	 0.0	 0.0	 0.0	 0.0	 0.0	 0.0	 0.0	 0.0	 0.0; % COW
	33	 885.396	 161.473	 796.0	 -796.0	 1.00883	 100.0	 1	 1592	 0.0	 0.0	 0.0	 0.0	 0.0	 0.0	 0.0	 0.0	 0.0	 0.0	 0.0	 0.0; % COW
	34	 822.662	 355.878	 485.0	 -485.0	 1.06	 100.0	 1	 970	 0.0	 0.0	 0.0	 0.0	 0.0	 0.0	 0.0	 0.0	 0.0	 0.0	 0.0	 0.0; % NG
	35	 865.468	 246.912	 434.0	 -434.0	 1.03117	 100.0	 1	 868	 0.0	 0.0	 0.0	 0.0	 0.0	 0.0	 0.0	 0.0	 0.0	 0.0	 0.0	 0.0; % COW
	36	 873.626	 216.281	 1013.0	 -1013.0	 1.06	 100.0	 1	 2026	 0.0	 0.0	 0.0	 0.0	 0.0	 0.0	 0.0	 0.0	 0.0	 0.0	 0.0	 0.0; % COW
	37	 880.299	 -26.619	 570.0	 -570.0	 0.9957	 100.0	 1	 1139	 0.0	 0.0	 0.0	 0.0	 0.0	 0.0	 0.0	 0.0	 0.0	 0.0	 0.0	 0.0; % COW
	38	 1184.112	 194.626	 943.0	 -943.0	 1.05721	 100.0	 1	 1885	 0.0	 0.0	 0.0	 0.0	 0.0	 0.0	 0.0	 0.0	 0.0	 0.0	 0.0	 0.0; % COW
	39	 2526.0	 168.719	 1263.0	 -1263.0	 1.06	 100.0	 1	 2526	 0.0	 0.0	 0.0	 0.0	 0.0	 0.0	 0.0	 0.0	 0.0	 0.0	 0.0	 0.0; % COW
];

%% generator cost data
%	2	startup	shutdown	n	c(n-1)	...	c0
mpc.gencost = [
	2	 0.0	 0.0	 3	   0.000000	   1.165120	   0.000000; % COW
	2	 0.0	 0.0	 3	   0.000000	   0.634989	   0.000000; % COW
	2	 0.0	 0.0	 3	   0.000000	   0.551479	   0.000000; % COW
	2	 0.0	 0.0	 3	   0.000000	   0.947212	   0.000000; % COW
	2	 0.0	 0.0	 3	   0.000000	   1.572225	   0.000000; % NG
	2	 0.0	 0.0	 3	   0.000000	   0.867424	   0.000000; % COW
	2	 0.0	 0.0	 3	   0.000000	   0.734745	   0.000000; % COW
	2	 0.0	 0.0	 3	   0.000000	   0.879627	   0.000000; % COW
	2	 0.0	 0.0	 3	   0.000000	   0.941501	   0.000000; % COW
	2	 0.0	 0.0	 3	   0.000000	   0.294086	   0.000000; % COW
];

%% branch data
%	fbus	tbus	r	x	b	rateA	rateB	rateC	ratio	angle	status	angmin	angmax
