%%%%%%%%%%%%%%%%%%%%%%%%%%%%%%%%%%%%%%%%%%%%%%%%%%%%%%%%%%%%%%%%%%%%%%%%%%%
%%%%                                                                  %%%%%
%%%%      NICTA Energy System Test Case Archive (NESTA) - v0.7.0      %%%%%
%%%%            Optimal Power Flow - Active Power Increase            %%%%%
%%%%                         05 - June - 2017                         %%%%%
%%%%                                                                  %%%%%
%%%%%%%%%%%%%%%%%%%%%%%%%%%%%%%%%%%%%%%%%%%%%%%%%%%%%%%%%%%%%%%%%%%%%%%%%%%
function mpc = nesta_case73_ieee_rts__api
mpc.version = '2';
mpc.baseMVA = 100.0;

%% area data
%	area	refbus
mpc.areas = [
	1	 101;
	2	 201;
	3	 301;
];

%% bus data
%	bus_i	type	Pd	Qd	Gs	Bs	area	Vm	Va	baseKV	zone	Vmax	Vmin
mpc.bus = [
	101	 2	 207.37	 22.00	 0.0	 0.0	 1	    1.02925	  -14.95316	 138.0	 1	    1.05000	    0.95000;
	102	 2	 186.24	 20.00	 0.0	 0.0	 1	    1.05000	  -14.71203	 138.0	 1	    1.05000	    0.95000;
	103	 1	 345.61	 37.00	 0.0	 0.0	 1	    0.95000	  -22.35553	 138.0	 1	    1.05000	    0.95000;
	104	 1	 142.08	 15.00	 0.0	 0.0	 1	    0.96889	  -23.40437	 138.0	 1	    1.05000	    0.95000;
	105	 1	 136.32	 14.00	 0.0	 0.0	 1	    0.97746	  -22.96812	 138.0	 1	    1.05000	    0.95000;
	106	 1	 261.13	 28.00	 0.0	 -100.0	 1	    0.95000	  -29.46316	 138.0	 1	    1.05000	    0.95000;
	107	 2	 240.01	 25.00	 0.0	 0.0	 1	    1.02303	  -28.69139	 138.0	 1	    1.05000	    0.95000;
	108	 1	 328.33	 35.00	 0.0	 0.0	 1	    0.95000	  -33.32845	 138.0	 1	    1.05000	    0.95000;
	109	 1	 336.01	 36.00	 0.0	 0.0	 1	    0.96514	  -22.26528	 138.0	 1	    1.05000	    0.95000;
	110	 1	 374.41	 40.00	 0.0	 0.0	 1	    0.97695	  -24.64580	 138.0	 1	    1.05000	    0.95000;
	111	 1	 0.00	 0.00	 0.0	 0.0	 1	    0.98356	  -11.68925	 230.0	 1	    1.05000	    0.95000;
	112	 1	 0.00	 0.00	 0.0	 0.0	 1	    0.96921	   -8.42655	 230.0	 1	    1.05000	    0.95000;
	113	 3	 508.81	 54.00	 0.0	 0.0	 1	    1.03683	    0.00000	 230.0	 1	    1.05000	    0.95000;
	114	 2	 372.49	 39.00	 0.0	 0.0	 1	    1.02556	  -11.36408	 230.0	 1	    1.05000	    0.95000;
	115	 2	 608.66	 64.00	 0.0	 0.0	 1	    1.05000	    0.19913	 230.0	 1	    1.05000	    0.95000;
	116	 2	 192.00	 20.00	 0.0	 0.0	 1	    1.05000	    1.32817	 230.0	 1	    1.05000	    0.95000;
	117	 1	 0.00	 0.00	 0.0	 0.0	 1	    1.04911	    1.98607	 230.0	 1	    1.05000	    0.95000;
	118	 2	 639.38	 68.00	 0.0	 0.0	 1	    1.04744	    1.41672	 230.0	 1	    1.05000	    0.95000;
	119	 1	 347.53	 37.00	 0.0	 0.0	 1	    1.03736	    0.11882	 230.0	 1	    1.05000	    0.95000;
	120	 1	 245.77	 26.00	 0.0	 0.0	 1	    1.04103	    2.71062	 230.0	 1	    1.05000	    0.95000;
	121	 2	 0.00	 0.00	 0.0	 0.0	 1	    1.05000	    3.50475	 230.0	 1	    1.05000	    0.95000;
	122	 2	 0.00	 0.00	 0.0	 0.0	 1	    1.05000	    9.05252	 230.0	 1	    1.05000	    0.95000;
	123	 2	 0.00	 0.00	 0.0	 0.0	 1	    1.05000	    5.52761	 230.0	 1	    1.05000	    0.95000;
	124	 1	 0.00	 0.00	 0.0	 0.0	 1	    0.98016	   -7.62540	 230.0	 1	    1.05000	    0.95000;
	201	 2	 207.37	 22.00	 0.0	 0.0	 2	    1.02925	  -28.32222	 138.0	 2	    1.05000	    0.95000;
	202	 2	 186.24	 20.00	 0.0	 0.0	 2	    1.05000	  -28.08109	 138.0	 2	    1.05000	    0.95000;
	203	 1	 345.61	 37.00	 0.0	 0.0	 2	    0.96835	  -32.20384	 138.0	 2	    1.05000	    0.95000;
	204	 1	 142.08	 15.00	 0.0	 0.0	 2	    0.97113	  -36.37077	 138.0	 2	    1.05000	    0.95000;
	205	 1	 136.32	 14.00	 0.0	 0.0	 2	    0.97746	  -36.33717	 138.0	 2	    1.05000	    0.95000;
	206	 1	 261.13	 28.00	 0.0	 -100.0	 2	    0.95000	  -42.83222	 138.0	 2	    1.05000	    0.95000;
	207	 2	 240.01	 25.00	 0.0	 0.0	 2	    1.02185	  -41.50669	 138.0	 2	    1.05000	    0.95000;
	208	 1	 328.33	 35.00	 0.0	 0.0	 2	    0.95000	  -46.21775	 138.0	 2	    1.05000	    0.95000;
	209	 1	 336.01	 36.00	 0.0	 0.0	 2	    0.96831	  -34.90184	 138.0	 2	    1.05000	    0.95000;
	210	 1	 374.41	 40.00	 0.0	 0.0	 2	    0.97695	  -38.01486	 138.0	 2	    1.05000	    0.95000;
	211	 1	 0.00	 0.00	 0.0	 0.0	 2	    0.98093	  -24.83041	 230.0	 2	    1.05000	    0.95000;
	212	 1	 0.00	 0.00	 0.0	 0.0	 2	    0.97086	  -22.26449	 230.0	 2	    1.05000	    0.95000;
	213	 2	 508.81	 54.00	 0.0	 0.0	 2	    1.03966	  -14.36805	 230.0	 2	    1.05000	    0.95000;
	214	 2	 372.49	 39.00	 0.0	 0.0	 2	    1.00997	  -23.53317	 230.0	 2	    1.05000	    0.95000;
	215	 2	 608.66	 64.00	 0.0	 0.0	 2	    1.05000	   -8.01948	 230.0	 2	    1.05000	    0.95000;
	216	 2	 192.00	 20.00	 0.0	 0.0	 2	    1.03750	   -9.28335	 230.0	 2	    1.05000	    0.95000;
	217	 1	 0.00	 0.00	 0.0	 0.0	 2	    1.04006	   -5.88697	 230.0	 2	    1.05000	    0.95000;
	218	 2	 639.38	 68.00	 0.0	 0.0	 2	    1.04190	   -7.28290	 230.0	 2	    1.05000	    0.95000;
	219	 1	 347.53	 37.00	 0.0	 0.0	 2	    1.02349	  -12.11809	 230.0	 2	    1.05000	    0.95000;
	220	 1	 245.77	 26.00	 0.0	 0.0	 2	    1.02642	  -10.85440	 230.0	 2	    1.05000	    0.95000;
	221	 2	 0.00	 0.00	 0.0	 0.0	 2	    1.04706	   -6.28475	 230.0	 2	    1.05000	    0.95000;
	222	 2	 0.00	 0.00	 0.0	 0.0	 2	    1.05000	    2.16196	 230.0	 2	    1.05000	    0.95000;
	223	 2	 0.00	 0.00	 0.0	 0.0	 2	    1.03396	   -8.71660	 230.0	 2	    1.05000	    0.95000;
	224	 1	 0.00	 0.00	 0.0	 0.0	 2	    0.98336	  -16.54869	 230.0	 2	    1.05000	    0.95000;
	301	 2	 207.37	 22.00	 0.0	 0.0	 3	    1.05000	   -7.14056	 138.0	 3	    1.05000	    0.95000;
	302	 2	 186.24	 20.00	 0.0	 0.0	 3	    1.05000	   -6.05321	 138.0	 3	    1.05000	    0.95000;
	303	 1	 345.61	 37.00	 0.0	 0.0	 3	    0.95000	  -12.06515	 138.0	 3	    1.05000	    0.95000;
	304	 1	 142.08	 15.00	 0.0	 0.0	 3	    0.96709	  -14.57269	 138.0	 3	    1.05000	    0.95000;
	305	 1	 136.32	 14.00	 0.0	 0.0	 3	    0.98890	  -14.63201	 138.0	 3	    1.05000	    0.95000;
	306	 1	 261.13	 28.00	 0.0	 -100.0	 3	    0.95000	  -20.80434	 138.0	 3	    1.05000	    0.95000;
	307	 2	 240.01	 25.00	 0.0	 0.0	 3	    1.05000	  -31.97980	 138.0	 3	    1.05000	    0.95000;
	308	 1	 328.33	 35.00	 0.0	 0.0	 3	    0.95497	  -31.68090	 138.0	 3	    1.05000	    0.95000;
	309	 1	 336.01	 36.00	 0.0	 0.0	 3	    0.96164	  -13.26021	 138.0	 3	    1.05000	    0.95000;
	310	 1	 374.41	 40.00	 0.0	 0.0	 3	    0.97695	  -15.98698	 138.0	 3	    1.05000	    0.95000;
	311	 1	 0.00	 0.00	 0.0	 0.0	 3	    0.98757	   -0.68751	 230.0	 3	    1.05000	    0.95000;
	312	 1	 0.00	 0.00	 0.0	 0.0	 3	    0.96624	    1.54955	 230.0	 3	    1.05000	    0.95000;
	313	 2	 508.81	 54.00	 0.0	 0.0	 3	    1.04178	   12.12258	 230.0	 3	    1.05000	    0.95000;
	314	 2	 372.49	 39.00	 0.0	 0.0	 3	    1.05000	    0.45997	 230.0	 3	    1.05000	    0.95000;
	315	 2	 608.66	 64.00	 0.0	 0.0	 3	    1.05000	   13.35484	 230.0	 3	    1.05000	    0.95000;
	316	 2	 192.00	 20.00	 0.0	 0.0	 3	    1.05000	   14.31206	 230.0	 3	    1.05000	    0.95000;
	317	 1	 0.00	 0.00	 0.0	 0.0	 3	    1.04660	   13.45507	 230.0	 3	    1.05000	    0.95000;
	318	 2	 639.38	 68.00	 0.0	 0.0	 3	    1.04603	   11.26657	 230.0	 3	    1.05000	    0.95000;
	319	 1	 347.53	 37.00	 0.0	 0.0	 3	    1.03696	   10.90594	 230.0	 3	    1.05000	    0.95000;
	320	 1	 245.77	 26.00	 0.0	 0.0	 3	    1.04089	   11.57499	 230.0	 3	    1.05000	    0.95000;
	321	 2	 0.00	 0.00	 0.0	 0.0	 3	    1.05000	   13.75726	 230.0	 3	    1.05000	    0.95000;
	322	 2	 0.00	 0.00	 0.0	 0.0	 3	    1.05000	   26.56744	 230.0	 3	    1.05000	    0.95000;
	323	 2	 0.00	 0.00	 0.0	 0.0	 3	    1.04848	   13.34823	 230.0	 3	    1.05000	    0.95000;
	324	 1	 0.00	 0.00	 0.0	 0.0	 3	    0.97412	    4.53304	 230.0	 3	    1.05000	    0.95000;
	325	 1	 0.00	 0.00	 0.0	 0.0	 3	    1.05000	   12.51866	 230.0	 3	    1.05000	    0.95000;
];

%% generator data
%	bus	Pg	Qg	Qmax	Qmin	Vg	mBase	status	Pmax	Pmin	Pc1	Pc2	Qc1min	Qc1max	Qc2min	Qc2max	ramp_agc	ramp_10	ramp_30	ramp_q	apf
