%%%%%%%%%%%%%%%%%%%%%%%%%%%%%%%%%%%%%%%%%%%%%%%%%%%%%%%%%%%%%%%%%%%%%%%%%%%
%%%%                                                                  %%%%%
%%%%      NICTA Energy System Test Case Archive (NESTA) - v0.7.0      %%%%%
%%%%            Optimal Power Flow - Active Power Increase            %%%%%
%%%%                         05 - June - 2017                         %%%%%
%%%%                                                                  %%%%%
%%%%%%%%%%%%%%%%%%%%%%%%%%%%%%%%%%%%%%%%%%%%%%%%%%%%%%%%%%%%%%%%%%%%%%%%%%%
function mpc = nesta_case162_ieee_dtc__api
mpc.version = '2';
mpc.baseMVA = 100.0;

%% bus data
%	bus_i	type	Pd	Qd	Gs	Bs	area	Vm	Va	baseKV	zone	Vmax	Vmin
mpc.bus = [
	1	 1	 0.00	 0.00	 0.0	 -100.0	 1	    1.04038	    5.20004	 345.0	 9	    1.06000	    0.94000;
	2	 1	 0.00	 0.00	 0.0	 0.0	 1	    1.04234	    0.48650	 345.0	 9	    1.06000	    0.94000;
	3	 1	 406.38	 96.90	 0.0	 0.0	 1	    0.99797	   -3.83003	 161.0	 12	    1.06000	    0.94000;
	4	 1	 0.00	 0.00	 0.0	 0.0	 1	    1.01665	   -5.01486	 345.0	 3	    1.06000	    0.94000;
	5	 1	 0.00	 0.00	 0.0	 -50.0	 1	    1.05360	    6.39688	 345.0	 8	    1.06000	    0.94000;
	6	 2	 0.00	 0.00	 0.0	 0.0	 1	    0.99791	   12.10317	 22.0	 9	    1.06000	    0.94000;
	7	 1	 0.00	 0.00	 0.0	 0.0	 1	    1.04014	    0.23867	 345.0	 9	    1.06000	    0.94000;
	8	 1	 398.00	 0.00	 0.0	 0.0	 1	    1.05966	   -3.11707	 115.0	 12	    1.06000	    0.94000;
	9	 1	 0.00	 0.00	 0.0	 0.0	 1	    1.04673	    3.01227	 345.0	 8	    1.06000	    0.94000;
	10	 1	 226.00	 0.00	 0.0	 0.0	 1	    1.00346	   -6.94232	 230.0	 12	    1.06000	    0.94000;
	11	 1	 0.00	 0.00	 0.0	 0.0	 1	    1.01238	   -3.35327	 230.0	 10	    1.06000	    0.94000;
	12	 1	 193.00	 0.00	 0.0	 0.0	 1	    1.06000	   -3.01110	 115.0	 12	    1.06000	    0.94000;
	13	 1	 204.00	 0.00	 0.0	 0.0	 1	    1.04284	   -0.81441	 345.0	 12	    1.06000	    0.94000;
	14	 1	 381.00	 0.00	 0.0	 0.0	 1	    1.05707	   -0.22186	 161.0	 12	    1.06000	    0.94000;
	15	 1	 -80.00	 0.00	 0.0	 0.0	 1	    1.03299	    3.84865	 230.0	 12	    1.06000	    0.94000;
	16	 1	 -54.20	 0.00	 0.0	 0.0	 1	    1.05523	   -3.65135	 161.0	 12	    1.06000	    0.94000;
	17	 1	 -116.50	 0.00	 0.0	 0.0	 1	    1.05753	   -3.30806	 161.0	 12	    1.06000	    0.94000;
	18	 1	 37.78	 11.67	 0.0	 0.0	 1	    1.06000	   -7.59077	 161.0	 6	    1.06000	    0.94000;
	19	 1	 64.40	 0.00	 0.0	 0.0	 1	    1.00009	  -12.18229	 161.0	 12	    1.06000	    0.94000;
	20	 1	 41.63	 12.50	 0.0	 0.0	 1	    0.98622	   -4.22301	 69.0	 10	    1.06000	    0.94000;
	21	 1	 -69.80	 0.00	 0.0	 0.0	 1	    1.04495	   -4.90409	 161.0	 12	    1.06000	    0.94000;
	22	 1	 19.10	 5.27	 0.0	 0.0	 1	    1.02617	  -11.74240	 161.0	 6	    1.06000	    0.94000;
	23	 1	 63.50	 0.00	 0.0	 0.0	 1	    1.00785	   -6.95746	 161.0	 12	    1.06000	    0.94000;
	24	 1	 0.00	 0.00	 0.0	 0.0	 1	    1.01589	   -5.33433	 161.0	 6	    1.06000	    0.94000;
	25	 1	 0.00	 0.00	 0.0	 -50.0	 1	    1.00308	   -1.10158	 345.0	 6	    1.06000	    0.94000;
	26	 1	 0.00	 0.00	 0.0	 -50.0	 1	    1.02792	    8.94739	 345.0	 1	    1.06000	    0.94000;
	27	 1	 355.86	 57.90	 0.0	 0.0	 1	    1.00417	   -3.23987	 345.0	 12	    1.06000	    0.94000;
	28	 1	 42.25	 13.17	 0.0	 0.0	 1	    0.99356	   -8.66838	 161.0	 6	    1.06000	    0.94000;
	29	 1	 31.09	 9.03	 0.0	 0.0	 1	    0.99428	  -10.97702	 161.0	 6	    1.06000	    0.94000;
	30	 1	 111.15	 32.52	 0.0	 15.0	 1	    1.01032	  -13.62363	 161.0	 6	    1.06000	    0.94000;
	31	 1	 72.50	 0.00	 0.0	 0.0	 1	    0.99504	   -9.99666	 161.0	 12	    1.06000	    0.94000;
	32	 1	 57.88	 15.06	 0.0	 20.0	 1	    1.01162	  -14.98181	 161.0	 6	    1.06000	    0.94000;
	33	 1	 49.61	 15.06	 0.0	 20.0	 1	    0.99640	  -16.90909	 161.0	 6	    1.06000	    0.94000;
	34	 1	 15.57	 5.25	 0.0	 3.2	 1	    0.98865	  -16.71569	 161.0	 1	    1.06000	    0.94000;
	35	 1	 59.84	 14.63	 0.0	 5.0	 1	    0.98134	  -18.75577	 161.0	 1	    1.06000	    0.94000;
	36	 1	 35.10	 8.68	 0.0	 3.0	 1	    0.99139	  -16.83204	 161.0	 2	    1.06000	    0.94000;
	37	 1	 0.00	 0.00	 0.0	 0.0	 1	    0.99967	   -4.19803	 345.0	 11	    1.06000	    0.94000;
	38	 1	 16.21	 4.08	 0.0	 1.5	 1	    1.00997	  -12.33602	 161.0	 2	    1.06000	    0.94000;
	39	 1	 0.00	 0.00	 0.0	 0.0	 1	    0.97816	   -6.88593	 345.0	 6	    1.06000	    0.94000;
	40	 1	 58.08	 17.60	 0.0	 0.0	 1	    0.98632	  -16.41127	 161.0	 1	    1.06000	    0.94000;
	41	 1	 43.05	 12.80	 0.0	 0.0	 1	    0.98835	  -14.51457	 161.0	 1	    1.06000	    0.94000;
	42	 1	 0.00	 0.00	 0.0	 0.0	 1	    0.98314	   -6.57549	 345.0	 2	    1.06000	    0.94000;
	43	 1	 41.50	 0.00	 0.0	 0.0	 1	    0.98671	   -9.71396	 161.0	 12	    1.06000	    0.94000;
	44	 1	 17.92	 3.71	 0.0	 0.0	 1	    0.98089	  -10.33034	 161.0	 2	    1.06000	    0.94000;
	45	 1	 21.99	 5.41	 0.0	 1.9	 1	    0.99352	   -8.39139	 161.0	 2	    1.06000	    0.94000;
	46	 1	 71.73	 22.30	 0.0	 26.2	 1	    0.99645	  -11.07856	 161.0	 10	    1.06000	    0.94000;
	47	 1	 5.29	 1.56	 0.0	 0.0	 1	    0.97361	  -14.02041	 161.0	 2	    1.06000	    0.94000;
	48	 1	 37.08	 22.86	 0.0	 0.0	 1	    0.97357	  -12.45500	 161.0	 10	    1.06000	    0.94000;
	49	 1	 7.49	 1.78	 0.0	 0.0	 1	    0.97128	  -14.40608	 161.0	 2	    1.06000	    0.94000;
	50	 1	 99.70	 0.00	 0.0	 0.0	 1	    0.97268	  -11.09800	 161.0	 12	    1.06000	    0.94000;
	51	 1	 0.00	 0.00	 0.0	 0.0	 1	    0.97772	   -9.37705	 161.0	 3	    1.06000	    0.94000;
	52	 1	 239.65	 42.80	 0.0	 0.0	 1	    1.01168	  -12.04666	 161.0	 3	    1.06000	    0.94000;
	53	 1	 0.00	 0.00	 0.0	 0.0	 1	    1.00282	   -2.06910	 161.0	 10	    1.06000	    0.94000;
	54	 1	 77.26	 29.57	 0.0	 0.0	 1	    0.98019	  -10.14709	 161.0	 10	    1.06000	    0.94000;
	55	 1	 0.00	 0.00	 0.0	 0.0	 1	    1.00307	   -1.73920	 161.0	 1	    1.06000	    0.94000;
	56	 1	 27.78	 7.26	 0.0	 3.2	 1	    0.98264	  -13.26567	 161.0	 7	    1.06000	    0.94000;
	57	 1	 53.25	 15.61	 0.0	 0.0	 1	    0.98081	   -9.53326	 161.0	 1	    1.06000	    0.94000;
	58	 1	 0.00	 0.00	 0.0	 0.0	 1	    1.02509	   -0.32703	 230.0	 10	    1.06000	    0.94000;
	59	 1	 92.73	 27.05	 0.0	 0.0	 1	    1.00085	   -4.72142	 230.0	 10	    1.06000	    0.94000;
	60	 1	 244.00	 0.00	 0.0	 0.0	 1	    1.02148	   -5.66970	 115.0	 12	    1.06000	    0.94000;
	61	 1	 0.00	 0.00	 0.0	 0.0	 1	    1.00601	   -3.16058	 230.0	 10	    1.06000	    0.94000;
	62	 1	 -865.60	 0.00	 0.0	 0.0	 1	    1.03584	    9.56513	 230.0	 12	    1.06000	    0.94000;
	63	 1	 59.10	 0.00	 0.0	 0.0	 1	    1.00834	   -1.51742	 230.0	 12	    1.06000	    0.94000;
	64	 1	 0.00	 0.00	 0.0	 0.0	 1	    1.04381	   -0.69971	 345.0	 10	    1.06000	    0.94000;
	65	 1	 -26.30	 0.00	 0.0	 0.0	 1	    1.04128	    2.42281	 345.0	 12	    1.06000	    0.94000;
	66	 1	 0.00	 0.00	 0.0	 -50.0	 1	    1.01703	   -2.68479	 345.0	 10	    1.06000	    0.94000;
	67	 1	 24.76	 7.03	 0.0	 6.0	 1	    0.99175	  -14.83193	 161.0	 7	    1.06000	    0.94000;
	68	 1	 44.39	 12.68	 0.0	 12.0	 1	    1.00331	  -12.89830	 161.0	 7	    1.06000	    0.94000;
	69	 1	 0.00	 0.00	 0.0	 0.0	 1	    1.01001	  -11.34059	 161.0	 1	    1.06000	    0.94000;
	70	 1	 0.00	 0.00	 0.0	 0.0	 1	    1.03612	    5.74051	 161.0	 1	    1.06000	    0.94000;
	71	 1	 32.81	 11.93	 0.0	 12.0	 1	    0.98833	   -3.21262	 161.0	 1	    1.06000	    0.94000;
	72	 1	 427.00	 0.00	 0.0	 0.0	 1	    1.04613	   -0.00874	 161.0	 12	    1.06000	    0.94000;
	73	 2	 0.00	 0.00	 0.0	 0.0	 1	    1.02632	   10.22655	 20.0	 1	    1.06000	    0.94000;
	74	 1	 0.00	 0.00	 0.0	 0.0	 1	    1.00227	   -5.08104	 345.0	 5	    1.06000	    0.94000;
	75	 1	 0.00	 0.00	 0.0	 -50.0	 1	    1.04965	    5.47401	 345.0	 8	    1.06000	    0.94000;
	76	 2	 0.00	 0.00	 0.0	 0.0	 1	    0.98629	   14.96696	 24.0	 1	    1.06000	    0.94000;
	77	 1	 29.01	 8.78	 0.0	 4.7	 1	    1.00047	  -13.33152	 161.0	 1	    1.06000	    0.94000;
	78	 1	 79.12	 0.00	 0.0	 0.0	 1	    1.01248	  -10.38528	 161.0	 5	    1.06000	    0.94000;
