%%%%%%%%%%%%%%%%%%%%%%%%%%%%%%%%%%%%%%%%%%%%%%%%%%%%%%%%%%%%%%%%%%%%%%%%%%%
%%%%                                                                  %%%%%
%%%%      NICTA Energy System Test Case Archive (NESTA) - v0.7.0      %%%%%
%%%%           Optimal Power Flow - Small Angle Difference            %%%%%
%%%%                         05 - June - 2017                         %%%%%
%%%%                                                                  %%%%%
%%%%%%%%%%%%%%%%%%%%%%%%%%%%%%%%%%%%%%%%%%%%%%%%%%%%%%%%%%%%%%%%%%%%%%%%%%%
function mpc = nesta_case29_edin__sad
mpc.version = '2';
mpc.baseMVA = 100.0;

%% area data
%	area	refbus
mpc.areas = [
	1	 1;
];

%% bus data
%	bus_i	type	Pd	Qd	Gs	Bs	area	Vm	Va	baseKV	zone	Vmax	Vmin
mpc.bus = [
	1	 2	 468.0	 102.0	 0.0	 0.0	 1	    1.03067	    9.87209	 275.0	 1	    1.10000	    0.90000;
	2	 2	 513.0	 113.0	 0.0	 0.0	 1	    1.10000	   10.91504	 275.0	 1	    1.10000	    0.90000;
	3	 2	 555.0	 105.0	 0.0	 0.0	 1	    1.04007	    7.87814	 132.0	 1	    1.10000	    0.90000;
	4	 2	 1308.0	 317.0	 0.0	 0.0	 1	    1.10000	    7.87814	 275.0	 1	    1.10000	    0.90000;
	5	 2	 502.0	 128.0	 0.0	 0.0	 1	    1.10000	    4.88262	 400.0	 1	    1.10000	    0.90000;
	6	 2	 1176.0	 315.0	 0.0	 0.0	 1	    1.09328	    4.84125	 400.0	 1	    1.10000	    0.90000;
	7	 2	 745.0	 171.0	 0.0	 0.0	 1	    1.10000	    6.81395	 400.0	 1	    1.10000	    0.90000;
	8	 1	 117.5	 37.4	 0.0	 0.0	 1	    1.09847	    6.79218	 400.0	 1	    1.10000	    0.90000;
	9	 1	 130.0	 53.0	 0.0	 0.0	 1	    1.09502	    3.92952	 400.0	 1	    1.10000	    0.90000;
	10	 2	 2561.0	 465.0	 0.0	 0.0	 1	    1.08560	    3.75529	 400.0	 1	    1.10000	    0.90000;
	11	 2	 3360.0	 760.0	 0.0	 0.0	 1	    1.10000	    2.83089	 400.0	 1	    1.10000	    0.90000;
	12	 2	 1189.0	 338.0	 0.0	 0.0	 1	    1.10000	    2.42812	 400.0	 1	    1.10000	    0.90000;
	13	 1	 2524.0	 766.0	 0.0	 0.0	 1	    1.07985	    0.05147	 400.0	 1	    1.10000	    0.90000;
	14	 1	 1831.0	 566.5	 0.0	 0.0	 1	    1.09312	    0.06369	 400.0	 1	    1.10000	    0.90000;
	15	 2	 2633.0	 694.6	 0.0	 0.0	 1	    1.10000	    0.75370	 400.0	 1	    1.10000	    0.90000;
	16	 2	 1607.0	 655.0	 0.0	 0.0	 1	    1.10000	    2.12403	 400.0	 1	    1.10000	    0.90000;
	17	 2	 1081.0	 371.0	 0.0	 0.0	 1	    1.05395	    0.02944	 400.0	 1	    1.10000	    0.90000;
	18	 2	 5362.0	 1935.0	 0.0	 0.0	 1	    1.04858	   -0.60878	 400.0	 1	    1.10000	    0.90000;
	19	 2	 2019.0	 648.0	 0.0	 0.0	 1	    1.10000	    1.25030	 400.0	 1	    1.10000	    0.90000;
	20	 2	 1027.36	 305.8	 0.0	 0.0	 1	    1.09764	    0.07474	 400.0	 1	    1.10000	    0.90000;
	21	 2	 702.0	 202.2	 0.0	 0.0	 1	    1.07308	   -0.38890	 400.0	 1	    1.10000	    0.90000;
	22	 2	 1820.0	 665.0	 0.0	 0.0	 1	    1.05983	   -0.91286	 400.0	 1	    1.10000	    0.90000;
	23	 2	 4734.0	 1337.0	 0.0	 0.0	 1	    1.05595	   -0.03264	 400.0	 1	    1.10000	    0.90000;
	24	 1	 1418.0	 528.0	 0.0	 0.0	 1	    1.05203	   -0.68539	 400.0	 1	    1.10000	    0.90000;
	25	 2	 9734.0	 2902.0	 0.0	 0.0	 1	    1.04910	   -3.08353	 400.0	 1	    1.10000	    0.90000;
	26	 2	 1424.0	 434.0	 0.0	 0.0	 1	    1.10000	   -0.04664	 400.0	 1	    1.10000	    0.90000;
	27	 3	 457.0	 138.0	 0.0	 0.0	 1	    1.10000	   -0.00000	 400.0	 1	    1.10000	    0.90000;
	28	 2	 2751.0	 841.0	 0.0	 0.0	 1	    1.07754	   -1.46033	 400.0	 1	    1.10000	    0.90000;
	29	 2	 2577.0	 356.0	 0.0	 0.0	 1	    1.08564	   -1.52314	 400.0	 1	    1.10000	    0.90000;
];

%% generator data
%	bus	Pg	Qg	Qmax	Qmin	Vg	mBase	status	Pmax	Pmin	Pc1	Pc2	Qc1min	Qc1max	Qc2min	Qc2max	ramp_agc	ramp_10	ramp_30	ramp_q	apf
mpc.gen = [
	1	 0.0	 -188.46	 139.22	 -188.46	 1.03067	 100.0	 1	 668.0	 0.0	 0.0	 0.0	 0.0	 0.0	 0.0	 0.0	 0.0	 0.0	 0.0	 0.0	 0.0;
	1	 0.0	 -66.3	 105.23	 -66.3	 1.03067	 100.0	 1	 554.28	 0.0	 0.0	 0.0	 0.0	 0.0	 0.0	 0.0	 0.0	 0.0	 0.0	 0.0	 0.0;
	1	 0.0	 -100.0	 180.0	 -100.0	 1.03067	 100.0	 1	 300.0	 0.0	 0.0	 0.0	 0.0	 0.0	 0.0	 0.0	 0.0	 0.0	 0.0	 0.0	 0.0;
	1	 0.0	 -8.99	 7.8	 -8.99	 1.03067	 100.0	 1	 18.72	 0.0	 0.0	 0.0	 0.0	 0.0	 0.0	 0.0	 0.0	 0.0	 0.0	 0.0	 0.0;
	2	 0.0	 -1.566	 14.33	 -17.67	 1.1	 100.0	 1	 50.6	 0.0	 0.0	 0.0	 0.0	 0.0	 0.0	 0.0	 0.0	 0.0	 0.0	 0.0	 0.0;
	2	 1298.57	 549.863	 1108.51	 -473.36	 1.1	 100.0	 1	 1524.0	 0.0	 0.0	 0.0	 0.0	 0.0	 0.0	 0.0	 0.0	 0.0	 0.0	 0.0	 0.0;
	2	 0.0	 0.0	 0.0	 0.0	 1.1	 100.0	 1	 12.0	 0.0	 0.0	 0.0	 0.0	 0.0	 0.0	 0.0	 0.0	 0.0	 0.0	 0.0	 0.0;
	3	 0.0	 -158.14	 128.34	 -158.14	 1.04007	 100.0	 1	 550.99	 0.0	 0.0	 0.0	 0.0	 0.0	 0.0	 0.0	 0.0	 0.0	 0.0	 0.0	 0.0;
	3	 19.0	 -3.51	 -3.51	 -3.51	 1.04007	 100.0	 1	 19.0	 0.0	 0.0	 0.0	 0.0	 0.0	 0.0	 0.0	 0.0	 0.0	 0.0	 0.0	 0.0;
	3	 419.61	 -66.17	 144.79	 -66.17	 1.04007	 100.0	 1	 553.12	 0.0	 0.0	 0.0	 0.0	 0.0	 0.0	 0.0	 0.0	 0.0	 0.0	 0.0	 0.0;
	3	 0.001	 -7.29	 6.51	 -7.29	 1.04007	 100.0	 1	 15.12	 0.0	 0.0	 0.0	 0.0	 0.0	 0.0	 0.0	 0.0	 0.0	 0.0	 0.0	 0.0;
	4	 0.0	 -0.576	 10.66	 -12.34	 1.1	 100.0	 1	 35.0	 0.0	 0.0	 0.0	 0.0	 0.0	 0.0	 0.0	 0.0	 0.0	 0.0	 0.0	 0.0;
	4	 2284.0	 437.12	 641.47	 -679.0	 1.1	 100.0	 1	 2284.0	 0.0	 0.0	 0.0	 0.0	 0.0	 0.0	 0.0	 0.0	 0.0	 0.0	 0.0	 0.0;
	4	 0.0	 44.777	 150.34	 -137.86	 1.1	 100.0	 1	 440.0	 0.0	 0.0	 0.0	 0.0	 0.0	 0.0	 0.0	 0.0	 0.0	 0.0	 0.0	 0.0;
	4	 259.0	 38.974	 137.27	 -122.95	 1.1	 100.0	 1	 259.0	 0.0	 0.0	 0.0	 0.0	 0.0	 0.0	 0.0	 0.0	 0.0	 0.0	 0.0	 0.0;
	5	 0.0	 200.672	 416.47	 -429.77	 1.1	 100.0	 1	 1074.0	 0.0	 0.0	 0.0	 0.0	 0.0	 0.0	 0.0	 0.0	 0.0	 0.0	 0.0	 0.0;
	5	 0.0	 2.969	 15.39	 -9.94	 1.1	 100.0	 1	 23.2	 0.0	 0.0	 0.0	 0.0	 0.0	 0.0	 0.0	 0.0	 0.0	 0.0	 0.0	 0.0;
	6	 995.808	 -45.425	 439.66	 -484.8	 1.09328	 100.0	 1	 1390.92	 0.0	 0.0	 0.0	 0.0	 0.0	 0.0	 0.0	 0.0	 0.0	 0.0	 0.0	 0.0;
	6	 0.0	 -0.418	 24.8	 -25.5	 1.09328	 100.0	 1	 33.0	 0.0	 0.0	 0.0	 0.0	 0.0	 0.0	 0.0	 0.0	 0.0	 0.0	 0.0	 0.0;
	6	 0.0	 -2.723	 12.09	 -17.49	 1.09328	 100.0	 1	 49.4	 0.0	 0.0	 0.0	 0.0	 0.0	 0.0	 0.0	 0.0	 0.0	 0.0	 0.0	 0.0;
	7	 0.0	 -5.613	 125.76	 -131.02	 1.1	 100.0	 1	 314.25	 0.0	 0.0	 0.0	 0.0	 0.0	 0.0	 0.0	 0.0	 0.0	 0.0	 0.0	 0.0;
	7	 1215.0	 46.872	 681.34	 -469.07	 1.1	 100.0	 1	 1215.0	 0.0	 0.0	 0.0	 0.0	 0.0	 0.0	 0.0	 0.0	 0.0	 0.0	 0.0	 0.0;
	7	 94.596	 -0.636	 220.34	 -205.24	 1.1	 100.0	 1	 1102.0	 0.0	 0.0	 0.0	 0.0	 0.0	 0.0	 0.0	 0.0	 0.0	 0.0	 0.0	 0.0;
	10	 1207.0	 -228.138	 559.19	 -539.68	 1.0856	 100.0	 1	 1207.0	 0.0	 0.0	 0.0	 0.0	 0.0	 0.0	 0.0	 0.0	 0.0	 0.0	 0.0	 0.0;
	10	 1875.0	 -471.816	 697.17	 -829.63	 1.0856	 100.0	 1	 1875.0	 0.0	 0.0	 0.0	 0.0	 0.0	 0.0	 0.0	 0.0	 0.0	 0.0	 0.0	 0.0;
	10	 420.0	 -7.278	 167.95	 -138.04	 1.0856	 100.0	 1	 420.0	 0.0	 0.0	 0.0	 0.0	 0.0	 0.0	 0.0	 0.0	 0.0	 0.0	 0.0	 0.0;
	11	 180.0	 -57.6	 -57.6	 -57.6	 1.1	 100.0	 1	 180.0	 0.0	 0.0	 0.0	 0.0	 0.0	 0.0	 0.0	 0.0	 0.0	 0.0	 0.0	 0.0;
	11	 2406.0	 720.909	 1216.1	 -1006.32	 1.1	 100.0	 1	 2406.0	 0.0	 0.0	 0.0	 0.0	 0.0	 0.0	 0.0	 0.0	 0.0	 0.0	 0.0	 0.0;
	11	 1987.0	 458.516	 873.22	 -571.46	 1.1	 100.0	 1	 1987.0	 0.0	 0.0	 0.0	 0.0	 0.0	 0.0	 0.0	 0.0	 0.0	 0.0	 0.0	 0.0;
	11	 155.0	 14.655	 94.22	 -75.21	 1.1	 100.0	 1	 155.0	 0.0	 0.0	 0.0	 0.0	 0.0	 0.0	 0.0	 0.0	 0.0	 0.0	 0.0	 0.0;
	11	 1039.0	 292.055	 670.32	 -539.07	 1.1	 100.0	 1	 1039.0	 0.0	 0.0	 0.0	 0.0	 0.0	 0.0	 0.0	 0.0	 0.0	 0.0	 0.0	 0.0;
	12	 980.0	 524.291	 579.98	 -418.12	 1.1	 100.0	 1	 980.0	 0.0	 0.0	 0.0	 0.0	 0.0	 0.0	 0.0	 0.0	 0.0	 0.0	 0.0	 0.0;
	12	 0.0	 902.793	 960.05	 -853.06	 1.1	 100.0	 1	 1885.0	 0.0	 0.0	 0.0	 0.0	 0.0	 0.0	 0.0	 0.0	 0.0	 0.0	 0.0	 0.0;
	12	 0.0	 72.677	 116.42	 -94.97	 1.1	 100.0	 1	 210.0	 0.0	 0.0	 0.0	 0.0	 0.0	 0.0	 0.0	 0.0	 0.0	 0.0	 0.0	 0.0;
	12	 1593.207	 289.085	 344.48	 -575.52	 1.1	 100.0	 1	 2004.0	 0.0	 0.0	 0.0	 0.0	 0.0	 0.0	 0.0	 0.0	 0.0	 0.0	 0.0	 0.0;
	15	 0.0	 1673.588	 3535.03	 -2527.87	 1.1	 100.0	 1	 7832.0	 0.0	 0.0	 0.0	 0.0	 0.0	 0.0	 0.0	 0.0	 0.0	 0.0	 0.0	 0.0;
