%%%%%%%%%%%%%%%%%%%%%%%%%%%%%%%%%%%%%%%%%%%%%%%%%%%%%%%%%%%%%%%%%%%%%%%%%%%
%%%%                                                                  %%%%%
%%%%      NICTA Energy System Test Case Archive (NESTA) - v0.7.0      %%%%%
%%%%           Optimal Power Flow - Small Angle Difference            %%%%%
%%%%                         05 - June - 2017                         %%%%%
%%%%                                                                  %%%%%
%%%%%%%%%%%%%%%%%%%%%%%%%%%%%%%%%%%%%%%%%%%%%%%%%%%%%%%%%%%%%%%%%%%%%%%%%%%
function mpc = nesta_case162_ieee_dtc__sad
mpc.version = '2';
mpc.baseMVA = 100.0;

%% bus data
%	bus_i	type	Pd	Qd	Gs	Bs	area	Vm	Va	baseKV	zone	Vmax	Vmin
mpc.bus = [
	1	 1	 0.0	 0.0	 0.0	 -100.0	 1	    1.02789	    2.32884	 345.0	 9	    1.06000	    0.94000;
	2	 1	 0.0	 0.0	 0.0	 0.0	 1	    1.02270	   -2.78580	 345.0	 9	    1.06000	    0.94000;
	3	 1	 370.0	 96.9	 0.0	 0.0	 1	    0.99204	   -5.87819	 161.0	 12	    1.06000	    0.94000;
	4	 1	 0.0	 0.0	 0.0	 0.0	 1	    1.00676	   -7.11298	 345.0	 3	    1.06000	    0.94000;
	5	 1	 0.0	 0.0	 0.0	 -50.0	 1	    1.04349	    3.07882	 345.0	 8	    1.06000	    0.94000;
	6	 2	 0.0	 0.0	 0.0	 0.0	 1	    0.98181	    9.45996	 22.0	 9	    1.06000	    0.94000;
	7	 1	 0.0	 0.0	 0.0	 0.0	 1	    1.01759	   -3.11439	 345.0	 9	    1.06000	    0.94000;
	8	 1	 398.0	 0.0	 0.0	 0.0	 1	    1.03745	   -6.59509	 115.0	 12	    1.06000	    0.94000;
	9	 1	 0.0	 0.0	 0.0	 0.0	 1	    1.01971	   -0.32041	 345.0	 8	    1.06000	    0.94000;
	10	 1	 226.0	 0.0	 0.0	 0.0	 1	    0.99714	  -11.13504	 230.0	 12	    1.06000	    0.94000;
	11	 1	 0.0	 0.0	 0.0	 0.0	 1	    1.00781	   -7.59751	 230.0	 10	    1.06000	    0.94000;
	12	 1	 193.0	 0.0	 0.0	 0.0	 1	    1.03916	   -6.44751	 115.0	 12	    1.06000	    0.94000;
	13	 1	 204.0	 0.0	 0.0	 0.0	 1	    1.02605	   -4.20889	 345.0	 12	    1.06000	    0.94000;
	14	 1	 381.0	 0.0	 0.0	 0.0	 1	    1.03513	   -3.47090	 161.0	 12	    1.06000	    0.94000;
	15	 1	 -80.0	 0.0	 0.0	 0.0	 1	    1.02389	    0.31902	 230.0	 12	    1.06000	    0.94000;
	16	 1	 -54.2	 0.0	 0.0	 0.0	 1	    1.05431	   -4.88473	 161.0	 12	    1.06000	    0.94000;
	17	 1	 -116.5	 0.0	 0.0	 0.0	 1	    1.05713	   -4.26779	 161.0	 12	    1.06000	    0.94000;
	18	 1	 34.4	 11.67	 0.0	 0.0	 1	    1.06000	   -8.62106	 161.0	 6	    1.06000	    0.94000;
	19	 1	 64.4	 0.0	 0.0	 0.0	 1	    0.99877	  -12.72405	 161.0	 12	    1.06000	    0.94000;
	20	 1	 37.9	 12.5	 0.0	 0.0	 1	    0.98680	   -9.22331	 69.0	 10	    1.06000	    0.94000;
	21	 1	 -69.8	 0.0	 0.0	 0.0	 1	    1.04451	   -5.55663	 161.0	 12	    1.06000	    0.94000;
	22	 1	 17.39	 5.27	 0.0	 0.0	 1	    1.02558	  -12.08144	 161.0	 6	    1.06000	    0.94000;
	23	 1	 63.5	 0.0	 0.0	 0.0	 1	    1.00043	  -10.01670	 161.0	 12	    1.06000	    0.94000;
	24	 1	 0.0	 0.0	 0.0	 0.0	 1	    1.00889	   -8.28086	 161.0	 6	    1.06000	    0.94000;
	25	 1	 0.0	 0.0	 0.0	 -50.0	 1	    0.99384	   -4.24690	 345.0	 6	    1.06000	    0.94000;
	26	 1	 0.0	 0.0	 0.0	 -50.0	 1	    1.00175	    4.22153	 345.0	 1	    1.06000	    0.94000;
	27	 1	 324.0	 57.9	 0.0	 0.0	 1	    0.99950	   -5.36582	 345.0	 12	    1.06000	    0.94000;
	28	 1	 38.47	 13.17	 0.0	 0.0	 1	    0.99024	  -11.05682	 161.0	 6	    1.06000	    0.94000;
	29	 1	 28.31	 9.03	 0.0	 0.0	 1	    0.99271	  -12.79131	 161.0	 6	    1.06000	    0.94000;
	30	 1	 101.2	 32.52	 0.0	 15.0	 1	    1.01172	  -14.53650	 161.0	 6	    1.06000	    0.94000;
	31	 1	 72.5	 0.0	 0.0	 0.0	 1	    0.99215	  -11.94776	 161.0	 12	    1.06000	    0.94000;
	32	 1	 52.7	 15.06	 0.0	 20.0	 1	    1.01313	  -15.75471	 161.0	 6	    1.06000	    0.94000;
	33	 1	 45.17	 15.06	 0.0	 20.0	 1	    0.99774	  -17.65059	 161.0	 6	    1.06000	    0.94000;
	34	 1	 14.18	 5.25	 0.0	 3.2	 1	    0.98794	  -17.55861	 161.0	 1	    1.06000	    0.94000;
	35	 1	 54.48	 14.63	 0.0	 5.0	 1	    0.98334	  -19.03149	 161.0	 1	    1.06000	    0.94000;
	36	 1	 31.96	 8.68	 0.0	 3.0	 1	    0.99250	  -17.85870	 161.0	 2	    1.06000	    0.94000;
	37	 1	 0.0	 0.0	 0.0	 0.0	 1	    0.99862	   -5.41645	 345.0	 11	    1.06000	    0.94000;
	38	 1	 14.76	 4.08	 0.0	 1.5	 1	    1.00852	  -12.63247	 161.0	 2	    1.06000	    0.94000;
	39	 1	 0.0	 0.0	 0.0	 0.0	 1	    0.97686	   -7.58067	 345.0	 6	    1.06000	    0.94000;
	40	 1	 52.88	 17.6	 0.0	 0.0	 1	    0.98739	  -16.53587	 161.0	 1	    1.06000	    0.94000;
	41	 1	 39.2	 12.8	 0.0	 0.0	 1	    0.98853	  -14.52621	 161.0	 1	    1.06000	    0.94000;
	42	 1	 0.0	 0.0	 0.0	 0.0	 1	    0.98086	   -7.13078	 345.0	 2	    1.06000	    0.94000;
	43	 1	 41.5	 0.0	 0.0	 0.0	 1	    0.98387	  -10.34002	 161.0	 12	    1.06000	    0.94000;
	44	 1	 16.32	 3.71	 0.0	 0.0	 1	    0.97605	  -10.77043	 161.0	 2	    1.06000	    0.94000;
	45	 1	 20.02	 5.41	 0.0	 1.9	 1	    0.99018	  -11.33133	 161.0	 2	    1.06000	    0.94000;
	46	 1	 65.31	 22.3	 0.0	 26.2	 1	    0.99384	  -14.24246	 161.0	 10	    1.06000	    0.94000;
	47	 1	 4.82	 1.56	 0.0	 0.0	 1	    0.97052	  -16.39379	 161.0	 2	    1.06000	    0.94000;
	48	 1	 33.76	 22.86	 0.0	 0.0	 1	    0.96595	  -14.43100	 161.0	 10	    1.06000	    0.94000;
	49	 1	 6.82	 1.78	 0.0	 0.0	 1	    0.96861	  -16.75437	 161.0	 2	    1.06000	    0.94000;
	50	 1	 99.7	 0.0	 0.0	 0.0	 1	    0.96496	  -13.14407	 161.0	 12	    1.06000	    0.94000;
	51	 1	 0.0	 0.0	 0.0	 0.0	 1	    0.96650	  -11.55326	 161.0	 3	    1.06000	    0.94000;
	52	 1	 218.2	 42.8	 0.0	 0.0	 1	    1.00188	  -13.33568	 161.0	 3	    1.06000	    0.94000;
	53	 1	 0.0	 0.0	 0.0	 0.0	 1	    1.00195	   -7.03408	 161.0	 10	    1.06000	    0.94000;
	54	 1	 70.34	 29.57	 0.0	 0.0	 1	    0.97955	  -13.12982	 161.0	 10	    1.06000	    0.94000;
	55	 1	 0.0	 0.0	 0.0	 0.0	 1	    1.00226	   -6.82801	 161.0	 1	    1.06000	    0.94000;
	56	 1	 25.29	 7.26	 0.0	 3.2	 1	    0.98286	  -15.52722	 161.0	 7	    1.06000	    0.94000;
	57	 1	 48.48	 15.61	 0.0	 0.0	 1	    0.98090	  -12.79744	 161.0	 1	    1.06000	    0.94000;
	58	 1	 0.0	 0.0	 0.0	 0.0	 1	    1.01747	   -4.08509	 230.0	 10	    1.06000	    0.94000;
	59	 1	 84.43	 27.05	 0.0	 0.0	 1	    0.99535	   -8.59154	 230.0	 10	    1.06000	    0.94000;
	60	 1	 244.0	 0.0	 0.0	 0.0	 1	    1.01344	   -9.23834	 115.0	 12	    1.06000	    0.94000;
	61	 1	 0.0	 0.0	 0.0	 0.0	 1	    0.99837	   -6.76182	 230.0	 10	    1.06000	    0.94000;
	62	 1	 -865.6	 0.0	 0.0	 0.0	 1	    1.02712	    6.43505	 230.0	 12	    1.06000	    0.94000;
	63	 1	 59.1	 0.0	 0.0	 0.0	 1	    1.00019	   -5.03733	 230.0	 12	    1.06000	    0.94000;
	64	 1	 0.0	 0.0	 0.0	 0.0	 1	    1.03768	   -4.42430	 345.0	 10	    1.06000	    0.94000;
	65	 1	 -26.3	 0.0	 0.0	 0.0	 1	    1.03496	   -0.71677	 345.0	 12	    1.06000	    0.94000;
	66	 1	 0.0	 0.0	 0.0	 -50.0	 1	    1.01188	   -6.80611	 345.0	 10	    1.06000	    0.94000;
	67	 1	 22.54	 7.03	 0.0	 6.0	 1	    0.99156	  -16.52382	 161.0	 7	    1.06000	    0.94000;
	68	 1	 40.42	 12.68	 0.0	 12.0	 1	    1.00009	  -14.80093	 161.0	 7	    1.06000	    0.94000;
	69	 1	 0.0	 0.0	 0.0	 0.0	 1	    1.00538	  -13.38586	 161.0	 1	    1.06000	    0.94000;
	70	 1	 0.0	 0.0	 0.0	 0.0	 1	    1.03133	   -1.50260	 161.0	 1	    1.06000	    0.94000;
	71	 1	 29.87	 11.93	 0.0	 12.0	 1	    0.99318	   -8.76415	 161.0	 1	    1.06000	    0.94000;
	72	 1	 427.0	 0.0	 0.0	 0.0	 1	    1.02360	   -3.32297	 161.0	 12	    1.06000	    0.94000;
	73	 2	 0.0	 0.0	 0.0	 0.0	 1	    1.04231	   -1.25968	 20.0	 1	    1.06000	    0.94000;
	74	 1	 0.0	 0.0	 0.0	 0.0	 1	    0.99365	   -7.71939	 345.0	 5	    1.06000	    0.94000;
	75	 1	 0.0	 0.0	 0.0	 -50.0	 1	    1.01876	    2.17598	 345.0	 8	    1.06000	    0.94000;
	76	 2	 0.0	 0.0	 0.0	 0.0	 1	    0.94976	   10.54803	 24.0	 1	    1.06000	    0.94000;
	77	 1	 26.41	 8.78	 0.0	 4.7	 1	    0.99752	  -14.99475	 161.0	 1	    1.06000	    0.94000;
	78	 1	 79.12	 0.0	 0.0	 0.0	 1	    1.00685	  -12.70372	 161.0	 5	    1.06000	    0.94000;
	79	 1	 0.0	 0.0	 0.0	 0.0	 1	    1.01486	  -10.48255	 161.0	 5	    1.06000	    0.94000;
	80	 1	 15.76	 5.25	 0.0	 2.8	 1	    0.99346	  -13.20983	 161.0	 1	    1.06000	    0.94000;
