%%%%%%%%%%%%%%%%%%%%%%%%%%%%%%%%%%%%%%%%%%%%%%%%%%%%%%%%%%%%%%%%%%%%%%%%%%%
%%%%                                                                  %%%%%
%%%%      NICTA Energy System Test Case Archive (NESTA) - v0.7.0      %%%%%
%%%%            Optimal Power Flow - Active Power Increase            %%%%%
%%%%                         05 - June - 2017                         %%%%%
%%%%                                                                  %%%%%
%%%%%%%%%%%%%%%%%%%%%%%%%%%%%%%%%%%%%%%%%%%%%%%%%%%%%%%%%%%%%%%%%%%%%%%%%%%
function mpc = nesta_case14_ieee__api
mpc.version = '2';
mpc.baseMVA = 100.0;

%% bus data
%	bus_i	type	Pd	Qd	Gs	Bs	area	Vm	Va	baseKV	zone	Vmax	Vmin
mpc.bus = [
	1	 3	 0.00	 0.00	 0.0	 0.0	 1	    1.06000	    0.00000	 0.0	 1	    1.06000	    0.94000;
	2	 2	 42.66	 12.70	 0.0	 0.0	 1	    0.99771	   -6.14162	 0.0	 1	    1.06000	    0.94000;
	3	 2	 185.17	 19.00	 0.0	 0.0	 1	    0.94000	  -23.39342	 0.0	 1	    1.06000	    0.94000;
	4	 1	 47.80	 -3.90	 0.0	 0.0	 1	    0.95428	  -17.18424	 0.0	 1	    1.06000	    0.94000;
	5	 1	 14.94	 1.60	 0.0	 0.0	 1	    0.96230	  -14.71282	 0.0	 1	    1.06000	    0.94000;
	6	 2	 22.02	 7.50	 0.0	 0.0	 1	    1.06000	  -26.40005	 0.0	 1	    1.06000	    0.94000;
	7	 1	 0.00	 0.00	 0.0	 0.0	 1	    1.01266	  -23.90246	 0.0	 1	    1.06000	    0.94000;
	8	 2	 0.00	 0.00	 0.0	 0.0	 1	    1.06000	  -23.90246	 0.0	 1	    1.06000	    0.94000;
	9	 1	 57.99	 16.60	 0.0	 19.0	 1	    1.00782	  -27.31838	 0.0	 1	    1.06000	    0.94000;
	10	 1	 17.69	 5.80	 0.0	 0.0	 1	    1.00627	  -27.84556	 0.0	 1	    1.06000	    0.94000;
	11	 1	 6.88	 1.80	 0.0	 0.0	 1	    1.02737	  -27.41287	 0.0	 1	    1.06000	    0.94000;
	12	 1	 11.99	 1.60	 0.0	 0.0	 1	    1.03364	  -28.25228	 0.0	 1	    1.06000	    0.94000;
	13	 1	 26.54	 5.80	 0.0	 0.0	 1	    1.02369	  -28.43676	 0.0	 1	    1.06000	    0.94000;
	14	 1	 29.29	 5.00	 0.0	 0.0	 1	    0.98448	  -30.15350	 0.0	 1	    1.06000	    0.94000;
];

%% generator data
%	bus	Pg	Qg	Qmax	Qmin	Vg	mBase	status	Pmax	Pmin	Pc1	Pc2	Qc1min	Qc1max	Qc2min	Qc2max	ramp_agc	ramp_10	ramp_30	ramp_q	apf
mpc.gen = [
	1	 332.506	 79.195	 271.0	 -271.0	 1.06	 100.0	 1	 542	 0.0	 0.0	 0.0	 0.0	 0.0	 0.0	 0.0	 0.0	 0.0	 0.0	 0.0	 0.0; % COW
	2	 171.984	 -8.397	 95.0	 -95.0	 0.99771	 100.0	 1	 190	 0.0	 0.0	 0.0	 0.0	 0.0	 0.0	 0.0	 0.0	 0.0	 0.0	 0.0	 0.0; % NG
	3	 0.0	 57.434	 72.0	 -72.0	 0.94	 100.0	 1	 0	 0.0	 0.0	 0.0	 0.0	 0.0	 0.0	 0.0	 0.0	 0.0	 0.0	 0.0	 0.0; % SYNC
	6	 0.0	 54.144	 56.4	 -56.4	 1.06	 100.0	 1	 0	 0.0	 0.0	 0.0	 0.0	 0.0	 0.0	 0.0	 0.0	 0.0	 0.0	 0.0	 0.0; % SYNC
	8	 0.0	 28.489	 30.0	 -30.0	 1.06	 100.0	 1	 0	 0.0	 0.0	 0.0	 0.0	 0.0	 0.0	 0.0	 0.0	 0.0	 0.0	 0.0	 0.0; % SYNC
];

%% generator cost data
%	2	startup	shutdown	n	c(n-1)	...	c0
mpc.gencost = [
	2	 0.0	 0.0	 3	   0.000000	   0.664260	   0.000000; % COW
	2	 0.0	 0.0	 3	   0.000000	   0.606188	   0.000000; % NG
	2	 0.0	 0.0	 3	   0.000000	   0.000000	   0.000000; % SYNC
	2	 0.0	 0.0	 3	   0.000000	   0.000000	   0.000000; % SYNC
	2	 0.0	 0.0	 3	   0.000000	   0.000000	   0.000000; % SYNC
];

%% branch data
%	fbus	tbus	r	x	b	rateA	rateB	rateC	ratio	angle	status	angmin	angmax
mpc.branch = [
	1	 2	 0.01938	 0.05917	 0.0528	 472.0	 472.0	 472.0	 0.0	 0.0	 1	 -30.0	 30.0;
	1	 5	 0.05403	 0.22304	 0.0492	 128.0	 128.0	 128.0	 0.0	 0.0	 1	 -30.0	 30.0;
	2	 3	 0.04699	 0.19797	 0.0438	 145.0	 145.0	 145.0	 0.0	 0.0	 1	 -30.0	 30.0;
	2	 4	 0.05811	 0.17632	 0.034	 158.0	 158.0	 158.0	 0.0	 0.0	 1	 -30.0	 30.0;
	2	 5	 0.05695	 0.17388	 0.0346	 161.0	 161.0	 161.0	 0.0	 0.0	 1	 -30.0	 30.0;
	3	 4	 0.06701	 0.17103	 0.0128	 160.0	 160.0	 160.0	 0.0	 0.0	 1	 -30.0	 30.0;
	4	 5	 0.01335	 0.04211	 0.0	 664.0	 664.0	 664.0	 0.0	 0.0	 1	 -30.0	 30.0;
	4	 7	 0.0	 0.20912	 0.0	 141.0	 141.0	 141.0	 0.978	 0.0	 1	 -30.0	 30.0;
	4	 9	 0.0	 0.55618	 0.0	 53.0	 53.0	 53.0	 0.969	 0.0	 1	 -30.0	 30.0;
	5	 6	 0.0	 0.25202	 0.0	 117.0	 117.0	 117.0	 0.932	 0.0	 1	 -30.0	 30.0;
	6	 11	 0.09498	 0.1989	 0.0	 134.0	 134.0	 134.0	 0.0	 0.0	 1	 -30.0	 30.0;
	6	 12	 0.12291	 0.25581	 0.0	 104.0	 104.0	 104.0	 0.0	 0.0	 1	 -30.0	 30.0;
	6	 13	 0.06615	 0.13027	 0.0	 201.0	 201.0	 201.0	 0.0	 0.0	 1	 -30.0	 30.0;
	7	 8	 0.0	 0.17615	 0.0	 167.0	 167.0	 167.0	 0.0	 0.0	 1	 -30.0	 30.0;
	7	 9	 0.0	 0.11001	 0.0	 267.0	 267.0	 267.0	 0.0	 0.0	 1	 -30.0	 30.0;
	9	 10	 0.03181	 0.0845	 0.0	 325.0	 325.0	 325.0	 0.0	 0.0	 1	 -30.0	 30.0;
	9	 14	 0.12711	 0.27038	 0.0	 99.0	 99.0	 99.0	 0.0	 0.0	 1	 -30.0	 30.0;
	10	 11	 0.08205	 0.19207	 0.0	 141.0	 141.0	 141.0	 0.0	 0.0	 1	 -30.0	 30.0;
	12	 13	 0.22092	 0.19988	 0.0	 99.0	 99.0	 99.0	 0.0	 0.0	 1	 -30.0	 30.0;
	13	 14	 0.17093	 0.34802	 0.0	 76.0	 76.0	 76.0	 0.0	 0.0	 1	 -30.0	 30.0;
];
