%%%%%%%%%%%%%%%%%%%%%%%%%%%%%%%%%%%%%%%%%%%%%%%%%%%%%%%%%%%%%%%%%%%%%%%%%%%
%%%%                                                                  %%%%%
%%%%      NICTA Energy System Test Case Archive (NESTA) - v0.7.0      %%%%%
%%%%            Optimal Power Flow - Active Power Increase            %%%%%
%%%%                         05 - June - 2017                         %%%%%
%%%%                                                                  %%%%%
%%%%%%%%%%%%%%%%%%%%%%%%%%%%%%%%%%%%%%%%%%%%%%%%%%%%%%%%%%%%%%%%%%%%%%%%%%%
function mpc = nesta_case30_as__api
mpc.version = '2';
mpc.baseMVA = 100.0;

%% area data
%	area	refbus
mpc.areas = [
	1	 1;
];

%% bus data
%bus_i	type Pd     Qd      Gs      Bs	area	Vm	Va	baseKV	zone	Vmax	Vmin
mpc.bus = [
	1	 3	 0.00	 0.00	 0.0	 0.0	 1	    1.05000	   -0.00000	 135.0	 1	    1.05000	    0.95000;
	2	 2	 43.02	 12.70	 0.0	 0.0	 1	    1.10000	   -1.21796	 135.0	 1	    1.10000	    0.95000;
	3	 1	 4.76	 1.20	 0.0	 0.0	 1	    1.04062	   -4.45428	 135.0	 1	    1.05000	    0.95000;
	4	 1	 15.07	 1.60	 0.0	 0.0	 1	    1.03835	   -5.29378	 135.0	 1	    1.05000	    0.95000;
	5	 1	 186.73	 19.00	 0.0	 0.0	 1	    1.05000	   -1.16594	 135.0	 1	    1.05000	    0.95000;
	6	 1	 0.00	 0.00	 0.0	 0.0	 1	    1.03807	   -5.59811	 135.0	 1	    1.05000	    0.95000;
	7	 1	 45.20	 10.90	 0.0	 0.0	 1	    1.02866	   -4.83855	 135.0	 1	    1.05000	    0.95000;
	8	 1	 59.47	 30.00	 0.0	 0.0	 1	    1.04862	   -5.14538	 135.0	 1	    1.05000	    0.95000;
	9	 1	 0.00	 0.00	 0.0	 0.0	 1	    1.02717	  -11.08489	 135.0	 1	    1.05000	    0.95000;
	10	 1	 11.50	 2.00	 0.0	 5.26	 1	    1.01434	  -14.92597	 135.0	 1	    1.05000	    0.95000;
	11	 1	 0.00	 0.00	 0.0	 0.0	 1	    1.05000	   -9.48961	 135.0	 1	    1.05000	    0.95000;
	12	 1	 22.20	 7.50	 0.0	 0.0	 1	    1.01828	  -14.16185	 135.0	 1	    1.05000	    0.95000;
	13	 2	 0.00	 0.00	 0.0	 0.0	 1	    1.03293	  -13.03834	 135.0	 1	    1.10000	    0.95000;
	14	 1	 12.29	 1.60	 0.0	 0.0	 1	    0.99758	  -16.12617	 135.0	 1	    1.05000	    0.95000;
	15	 1	 16.25	 2.50	 0.0	 0.0	 1	    0.99466	  -16.40657	 135.0	 1	    1.05000	    0.95000;
	16	 1	 6.94	 1.80	 0.0	 0.0	 1	    1.00599	  -15.18345	 135.0	 1	    1.05000	    0.95000;
	17	 1	 17.84	 5.80	 0.0	 0.0	 1	    1.00428	  -15.52205	 135.0	 1	    1.05000	    0.95000;
	18	 1	 6.34	 0.90	 0.0	 0.0	 1	    0.98122	  -17.51787	 135.0	 1	    1.05000	    0.95000;
	19	 1	 18.83	 3.40	 0.0	 0.0	 1	    0.97864	  -17.73075	 135.0	 1	    1.05000	    0.95000;
	20	 1	 4.36	 0.70	 0.0	 0.0	 1	    0.98623	  -17.15062	 135.0	 1	    1.05000	    0.95000;
	21	 1	 34.69	 11.20	 0.0	 0.0	 1	    1.00103	  -16.19491	 135.0	 1	    1.05000	    0.95000;
	22	 2	 0.00	 0.00	 0.0	 0.0	 1	    1.00338	  -16.20513	 135.0	 1	    1.10000	    0.95000;
	23	 2	 6.34	 1.60	 0.0	 0.0	 1	    0.99368	  -17.44467	 135.0	 1	    1.10000	    0.95000;
	24	 1	 17.25	 6.70	 0.0	 25.0	 1	    1.00553	  -17.95363	 135.0	 1	    1.05000	    0.95000;
	25	 1	 0.00	 0.00	 0.0	 0.0	 1	    0.99903	  -16.52399	 135.0	 1	    1.05000	    0.95000;
	26	 1	 6.94	 2.30	 0.0	 0.0	 1	    0.97164	  -17.73533	 135.0	 1	    1.05000	    0.95000;
	27	 2	 0.00	 0.00	 0.0	 0.0	 1	    1.00798	  -14.96225	 135.0	 1	    1.10000	    0.95000;
	28	 1	 0.00	 0.00	 0.0	 0.0	 1	    1.03180	   -6.39819	 135.0	 1	    1.05000	    0.95000;
	29	 1	 4.76	 0.90	 0.0	 0.0	 1	    0.97177	  -17.69944	 135.0	 1	    1.05000	    0.95000;
	30	 1	 21.01	 1.90	 0.0	 0.0	 1	    0.95000	  -19.66348	 135.0	 1	    1.05000	    0.95000;
];

%% generator data
%	bus	Pg	Qg	Qmax	Qmin	Vg	mBase	status	Pmax	Pmin	Pc1	Pc2	Qc1min	Qc1max	Qc2min	Qc2max	ramp_agc	ramp_10	ramp_30	ramp_q	apf
mpc.gen = [
	1	 56.0	 -100.999	 250.0	 -120.0	 1.05	 100.0	 1	 56	 25.0	 0.0	 0.0	 0.0	 0.0	 0.0	 0.0	 0.0	 0.0	 0.0	 0.0	 0.0; % COW
	2	 150.148	 178.015	 217.2	 -217.2	 1.1	 100.0	 1	 205	 10.0	 0.0	 0.0	 0.0	 0.0	 0.0	 0.0	 0.0	 0.0	 0.0	 0.0	 0.0; % NG
	5	 240.08	 -9.982	 147.0	 -147.0	 1.05	 100.0	 1	 294	 7.5	 0.0	 0.0	 0.0	 0.0	 0.0	 0.0	 0.0	 0.0	 0.0	 0.0	 0.0; % NG
	8	 98.709	 52.306	 71.0	 -71.0	 1.04862	 100.0	 1	 142	 5.0	 0.0	 0.0	 0.0	 0.0	 0.0	 0.0	 0.0	 0.0	 0.0	 0.0	 0.0; % NG
	11	 14.435	 11.726	 50.0	 -13.2	 1.05	 100.0	 1	 23	 5.0	 0.0	 0.0	 0.0	 0.0	 0.0	 0.0	 0.0	 0.0	 0.0	 0.0	 0.0; % NG
	13	 14.731	 10.954	 60.0	 -31.0	 1.03293	 100.0	 1	 62	 6.0	 0.0	 0.0	 0.0	 0.0	 0.0	 0.0	 0.0	 0.0	 0.0	 0.0	 0.0; % COW
];

%% generator cost data
%	2	startup	shutdown	n	c(n-1)	...	c0
mpc.gencost = [
	2	 0.0	 0.0	 3	   0.000000	   0.909372	   0.000000; % COW
	2	 0.0	 0.0	 3	   0.000000	   0.991073	   0.000000; % NG
	2	 0.0	 0.0	 3	   0.000000	   1.088808	   0.000000; % NG
	2	 0.0	 0.0	 3	   0.000000	   0.821014	   0.000000; % NG
	2	 0.0	 0.0	 3	   0.000000	   1.129631	   0.000000; % NG
	2	 0.0	 0.0	 3	   0.000000	   0.787522	   0.000000; % COW
];

%% branch data
%	fbus	tbus	r	x	b	rateA	rateB	rateC	ratio	angle	status	angmin	angmax
mpc.branch = [
	1	 2	 0.0192	 0.0575	 0.0264	 130.0	 130.0	 130.0	 0.0	 0.0	 1	 -30.0	 30.0;
	1	 3	 0.0452	 0.1852	 0.0204	 130.0	 130.0	 130.0	 0.0	 0.0	 1	 -30.0	 30.0;
	2	 4	 0.057	 0.1737	 0.0184	 65.0	 65.0	 65.0	 0.0	 0.0	 1	 -30.0	 30.0;
	3	 4	 0.0132	 0.0379	 0.0042	 130.0	 130.0	 130.0	 0.0	 0.0	 1	 -30.0	 30.0;
	2	 5	 0.0472	 0.1983	 0.0209	 130.0	 130.0	 130.0	 0.0	 0.0	 1	 -30.0	 30.0;
	2	 6	 0.0581	 0.1763	 0.0187	 65.0	 65.0	 65.0	 0.0	 0.0	 1	 -30.0	 30.0;
	4	 6	 0.0119	 0.0414	 0.0045	 90.0	 90.0	 90.0	 0.0	 0.0	 1	 -30.0	 30.0;
	5	 7	 0.046	 0.116	 0.0102	 70.0	 70.0	 70.0	 0.0	 0.0	 1	 -30.0	 30.0;
	6	 7	 0.0267	 0.082	 0.0085	 130.0	 130.0	 130.0	 0.0	 0.0	 1	 -30.0	 30.0;
	6	 8	 0.012	 0.042	 0.0045	 32.0	 32.0	 32.0	 0.0	 0.0	 1	 -30.0	 30.0;
	6	 9	 0.0	 0.208	 0.0	 65.0	 65.0	 65.0	 0.0	 0.0	 1	 -30.0	 30.0;
	6	 10	 0.0	 0.556	 0.0	 32.0	 32.0	 32.0	 0.0	 0.0	 1	 -30.0	 30.0;
	9	 11	 0.0	 0.208	 0.0	 65.0	 65.0	 65.0	 0.0	 0.0	 1	 -30.0	 30.0;
	9	 10	 0.0	 0.11	 0.0	 65.0	 65.0	 65.0	 0.0	 0.0	 1	 -30.0	 30.0;
	4	 12	 0.0	 0.256	 0.0	 65.0	 65.0	 65.0	 0.0	 0.0	 1	 -30.0	 30.0;
	12	 13	 0.0	 0.14	 0.0	 65.0	 65.0	 65.0	 0.0	 0.0	 1	 -30.0	 30.0;
	12	 14	 0.1231	 0.2559	 0.0	 32.0	 32.0	 32.0	 0.0	 0.0	 1	 -30.0	 30.0;
	12	 15	 0.0662	 0.1304	 0.0	 32.0	 32.0	 32.0	 0.0	 0.0	 1	 -30.0	 30.0;
	12	 16	 0.0945	 0.1987	 0.0	 32.0	 32.0	 32.0	 0.0	 0.0	 1	 -30.0	 30.0;
	14	 15	 0.221	 0.1997	 0.0	 16.0	 16.0	 16.0	 0.0	 0.0	 1	 -30.0	 30.0;
	16	 17	 0.0824	 0.1932	 0.0	 16.0	 16.0	 16.0	 0.0	 0.0	 1	 -30.0	 30.0;
	15	 18	 0.107	 0.2185	 0.0	 16.0	 16.0	 16.0	 0.0	 0.0	 1	 -30.0	 30.0;
	18	 19	 0.0639	 0.1292	 0.0	 16.0	 16.0	 16.0	 0.0	 0.0	 1	 -30.0	 30.0;
	19	 20	 0.034	 0.068	 0.0	 32.0	 32.0	 32.0	 0.0	 0.0	 1	 -30.0	 30.0;
	10	 20	 0.0936	 0.209	 0.0	 32.0	 32.0	 32.0	 0.0	 0.0	 1	 -30.0	 30.0;
	10	 17	 0.0324	 0.0845	 0.0	 32.0	 32.0	 32.0	 0.0	 0.0	 1	 -30.0	 30.0;
	10	 21	 0.0348	 0.0749	 0.0	 32.0	 32.0	 32.0	 0.0	 0.0	 1	 -30.0	 30.0;
	10	 22	 0.0727	 0.1499	 0.0	 32.0	 32.0	 32.0	 0.0	 0.0	 1	 -30.0	 30.0;
	21	 22	 0.0116	 0.0236	 0.0	 32.0	 32.0	 32.0	 0.0	 0.0	 1	 -30.0	 30.0;
	15	 23	 0.1	 0.202	 0.0	 16.0	 16.0	 16.0	 0.0	 0.0	 1	 -30.0	 30.0;
	22	 24	 0.115	 0.179	 0.0	 16.0	 16.0	 16.0	 0.0	 0.0	 1	 -30.0	 30.0;
	23	 24	 0.132	 0.27	 0.0	 16.0	 16.0	 16.0	 0.0	 0.0	 1	 -30.0	 30.0;
	24	 25	 0.1885	 0.3292	 0.0	 16.0	 16.0	 16.0	 0.0	 0.0	 1	 -30.0	 30.0;
	25	 26	 0.2544	 0.38	 0.0	 16.0	 16.0	 16.0	 0.0	 0.0	 1	 -30.0	 30.0;
	25	 27	 0.1093	 0.2087	 0.0	 16.0	 16.0	 16.0	 0.0	 0.0	 1	 -30.0	 30.0;
	28	 27	 0.0	 0.396	 0.0	 65.0	 65.0	 65.0	 0.0	 0.0	 1	 -30.0	 30.0;
	27	 29	 0.2198	 0.4153	 0.0	 16.0	 16.0	 16.0	 0.0	 0.0	 1	 -30.0	 30.0;
	27	 30	 0.3202	 0.6027	 0.0	 16.0	 16.0	 16.0	 0.0	 0.0	 1	 -30.0	 30.0;
	29	 30	 0.2399	 0.4533	 0.0	 16.0	 16.0	 16.0	 0.0	 0.0	 1	 -30.0	 30.0;
	8	 28	 0.0636	 0.2	 0.0214	 32.0	 32.0	 32.0	 0.0	 0.0	 1	 -30.0	 30.0;
	6	 28	 0.0169	 0.0599	 0.0065	 32.0	 32.0	 32.0	 0.0	 0.0	 1	 -30.0	 30.0;
];
