%%%%%%%%%%%%%%%%%%%%%%%%%%%%%%%%%%%%%%%%%%%%%%%%%%%%%%%%%%%%%%%%%%%%%%%%%%%
%%%%                                                                  %%%%%
%%%%      NICTA Energy System Test Case Archive (NESTA) - v0.7.0      %%%%%
%%%%            Optimal Power Flow - Active Power Increase            %%%%%
%%%%                         05 - June - 2017                         %%%%%
%%%%                                                                  %%%%%
%%%%%%%%%%%%%%%%%%%%%%%%%%%%%%%%%%%%%%%%%%%%%%%%%%%%%%%%%%%%%%%%%%%%%%%%%%%
function mpc = nesta_case57_ieee__api
mpc.version = '2';
mpc.baseMVA = 100.0;

%% bus data
%	bus_i	type	Pd	Qd	Gs	Bs	area	Vm	Va	baseKV	zone	Vmax	Vmin
mpc.bus = [
	1	 3	 63.42	 17.00	 0.0	 0.0	 1	    0.99827	    0.00000	 0.0	 1	    1.06000	    0.94000;
	2	 2	 3.46	 88.00	 0.0	 0.0	 1	    1.00110	    2.27576	 0.0	 1	    1.06000	    0.94000;
	3	 2	 47.28	 21.00	 0.0	 0.0	 1	    1.04902	    8.64298	 0.0	 1	    1.06000	    0.94000;
	4	 1	 0.00	 0.00	 0.0	 0.0	 1	    1.03996	    4.79057	 0.0	 1	    1.06000	    0.94000;
	5	 1	 14.99	 4.00	 0.0	 0.0	 1	    1.03302	   -0.28426	 0.0	 1	    1.06000	    0.94000;
	6	 2	 86.49	 2.00	 0.0	 0.0	 1	    1.03793	   -2.26673	 0.0	 1	    1.06000	    0.94000;
	7	 1	 0.00	 0.00	 0.0	 0.0	 1	    1.03375	   -4.09596	 0.0	 1	    1.06000	    0.94000;
	8	 2	 172.98	 22.00	 0.0	 0.0	 1	    1.05450	   -2.97871	 0.0	 1	    1.06000	    0.94000;
	9	 2	 139.53	 26.00	 0.0	 0.0	 1	    1.00476	   -5.91185	 0.0	 1	    1.06000	    0.94000;
	10	 1	 5.77	 2.00	 0.0	 0.0	 1	    0.97558	   -5.84613	 0.0	 1	    1.06000	    0.94000;
	11	 1	 0.00	 0.00	 0.0	 0.0	 1	    0.98180	   -5.04174	 0.0	 1	    1.06000	    0.94000;
	12	 2	 434.75	 24.00	 0.0	 0.0	 1	    0.97848	   -3.25677	 0.0	 1	    1.06000	    0.94000;
	13	 1	 20.76	 2.30	 0.0	 0.0	 1	    0.97378	   -3.27458	 0.0	 1	    1.06000	    0.94000;
	14	 1	 12.11	 5.30	 0.0	 0.0	 1	    0.96907	   -2.30233	 0.0	 1	    1.06000	    0.94000;
	15	 1	 25.37	 5.00	 0.0	 0.0	 1	    0.99367	    0.81957	 0.0	 1	    1.06000	    0.94000;
	16	 1	 49.59	 3.00	 0.0	 0.0	 1	    0.97716	   -4.05026	 0.0	 1	    1.06000	    0.94000;
	17	 1	 48.43	 8.00	 0.0	 0.0	 1	    0.97959	   -3.09889	 0.0	 1	    1.06000	    0.94000;
	18	 1	 31.37	 9.80	 0.0	 10.0	 1	    1.06000	   -0.34391	 0.0	 1	    1.06000	    0.94000;
	19	 1	 3.81	 0.60	 0.0	 0.0	 1	    0.99877	   -3.53127	 0.0	 1	    1.06000	    0.94000;
	20	 1	 2.65	 1.00	 0.0	 0.0	 1	    0.97558	   -4.86263	 0.0	 1	    1.06000	    0.94000;
	21	 1	 0.00	 0.00	 0.0	 0.0	 1	    1.01602	   -6.43954	 0.0	 1	    1.06000	    0.94000;
	22	 1	 0.00	 0.00	 0.0	 0.0	 1	    1.01344	   -6.65323	 0.0	 1	    1.06000	    0.94000;
	23	 1	 7.27	 2.10	 0.0	 0.0	 1	    1.01257	   -6.79178	 0.0	 1	    1.06000	    0.94000;
	24	 1	 0.00	 0.00	 0.0	 0.0	 1	    1.01456	   -8.23795	 0.0	 1	    1.06000	    0.94000;
	25	 1	 7.27	 3.20	 0.0	 5.9	 1	    0.99360	  -13.66174	 0.0	 1	    1.06000	    0.94000;
	26	 1	 0.00	 0.00	 0.0	 0.0	 1	    0.97717	   -7.97862	 0.0	 1	    1.06000	    0.94000;
	27	 1	 10.72	 0.50	 0.0	 0.0	 1	    1.01646	   -7.52105	 0.0	 1	    1.06000	    0.94000;
	28	 1	 5.30	 2.30	 0.0	 0.0	 1	    1.03828	   -6.81995	 0.0	 1	    1.06000	    0.94000;
	29	 1	 19.60	 2.60	 0.0	 0.0	 1	    1.05597	   -6.31328	 0.0	 1	    1.06000	    0.94000;
	30	 1	 4.15	 1.80	 0.0	 0.0	 1	    0.97121	  -14.25845	 0.0	 1	    1.06000	    0.94000;
	31	 1	 6.69	 2.90	 0.0	 0.0	 1	    0.94000	  -14.90390	 0.0	 1	    1.06000	    0.94000;
	32	 1	 1.85	 0.80	 0.0	 0.0	 1	    0.95179	  -13.58733	 0.0	 1	    1.06000	    0.94000;
	33	 1	 4.38	 1.90	 0.0	 0.0	 1	    0.94926	  -13.64009	 0.0	 1	    1.06000	    0.94000;
	34	 1	 0.00	 0.00	 0.0	 0.0	 1	    0.95623	   -8.42185	 0.0	 1	    1.06000	    0.94000;
	35	 1	 6.92	 3.00	 0.0	 0.0	 1	    0.96368	   -8.09866	 0.0	 1	    1.06000	    0.94000;
	36	 1	 0.00	 0.00	 0.0	 0.0	 1	    0.97413	   -7.74086	 0.0	 1	    1.06000	    0.94000;
	37	 1	 0.00	 0.00	 0.0	 0.0	 1	    0.98404	   -7.46037	 0.0	 1	    1.06000	    0.94000;
	38	 1	 16.14	 7.00	 0.0	 0.0	 1	    1.01446	   -6.43878	 0.0	 1	    1.06000	    0.94000;
	39	 1	 0.00	 0.00	 0.0	 0.0	 1	    0.98174	   -7.53464	 0.0	 1	    1.06000	    0.94000;
	40	 1	 0.00	 0.00	 0.0	 0.0	 1	    0.97087	   -7.80721	 0.0	 1	    1.06000	    0.94000;
	41	 1	 7.27	 3.00	 0.0	 0.0	 1	    1.00168	   -9.20981	 0.0	 1	    1.06000	    0.94000;
	42	 1	 8.19	 4.40	 0.0	 0.0	 1	    0.96943	  -10.73803	 0.0	 1	    1.06000	    0.94000;
	43	 1	 2.31	 1.00	 0.0	 0.0	 1	    1.01695	   -6.29402	 0.0	 1	    1.06000	    0.94000;
	44	 1	 13.84	 1.80	 0.0	 0.0	 1	    1.01942	   -5.23308	 0.0	 1	    1.06000	    0.94000;
	45	 1	 0.00	 0.00	 0.0	 0.0	 1	    1.04287	   -1.86068	 0.0	 1	    1.06000	    0.94000;
	46	 1	 0.00	 0.00	 0.0	 0.0	 1	    1.06000	   -4.36769	 0.0	 1	    1.06000	    0.94000;
	47	 1	 34.25	 11.60	 0.0	 0.0	 1	    1.03336	   -6.07798	 0.0	 1	    1.06000	    0.94000;
	48	 1	 0.00	 0.00	 0.0	 0.0	 1	    1.02749	   -6.24659	 0.0	 1	    1.06000	    0.94000;
	49	 1	 20.76	 8.50	 0.0	 0.0	 1	    1.03315	   -6.75246	 0.0	 1	    1.06000	    0.94000;
	50	 1	 24.22	 10.50	 0.0	 0.0	 1	    1.01543	   -7.60926	 0.0	 1	    1.06000	    0.94000;
	51	 1	 20.76	 5.30	 0.0	 0.0	 1	    1.04092	   -6.96906	 0.0	 1	    1.06000	    0.94000;
	52	 1	 5.65	 2.20	 0.0	 0.0	 1	    1.01964	   -8.17112	 0.0	 1	    1.06000	    0.94000;
	53	 1	 23.06	 10.00	 0.0	 6.3	 1	    1.00720	   -8.97868	 0.0	 1	    1.06000	    0.94000;
	54	 1	 4.73	 1.40	 0.0	 0.0	 1	    1.02825	   -8.27837	 0.0	 1	    1.06000	    0.94000;
	55	 1	 7.84	 3.40	 0.0	 0.0	 1	    1.05934	   -7.17634	 0.0	 1	    1.06000	    0.94000;
	56	 1	 8.76	 2.20	 0.0	 0.0	 1	    0.97097	  -11.11899	 0.0	 1	    1.06000	    0.94000;
	57	 1	 7.73	 2.00	 0.0	 0.0	 1	    0.96693	  -11.57840	 0.0	 1	    1.06000	    0.94000;
];

%% generator data
%	bus	Pg	Qg	Qmax	Qmin	Vg	mBase	status	Pmax	Pmin	Pc1	Pc2	Qc1min	Qc1max	Qc2min	Qc2max	ramp_agc	ramp_10	ramp_30	ramp_q	apf
mpc.gen = [
	1	 2.0	 52.656	 141.0	 -140.0	 0.99827	 100.0	 1	 2	 0.0	 0.0	 0.0	 0.0	 0.0	 0.0	 0.0	 0.0	 0.0	 0.0	 0.0	 0.0; % COW
	2	 0.0	 50.0	 50.0	 -17.0	 1.0011	 100.0	 1	 0	 0.0	 0.0	 0.0	 0.0	 0.0	 0.0	 0.0	 0.0	 0.0	 0.0	 0.0	 0.0; % SYNC
	3	 663.0	 44.071	 332.0	 -332.0	 1.04902	 100.0	 1	 663	 0.0	 0.0	 0.0	 0.0	 0.0	 0.0	 0.0	 0.0	 0.0	 0.0	 0.0	 0.0; % NG
	6	 0.0	 40.129	 116.4	 -116.4	 1.03793	 100.0	 1	 0	 0.0	 0.0	 0.0	 0.0	 0.0	 0.0	 0.0	 0.0	 0.0	 0.0	 0.0	 0.0; % SYNC
	8	 325.429	 133.189	 293.0	 -293.0	 1.0545	 100.0	 1	 586	 0.0	 0.0	 0.0	 0.0	 0.0	 0.0	 0.0	 0.0	 0.0	 0.0	 0.0	 0.0; % NG
	9	 0.0	 35.703	 38.4	 -38.4	 1.00476	 100.0	 1	 0	 0.0	 0.0	 0.0	 0.0	 0.0	 0.0	 0.0	 0.0	 0.0	 0.0	 0.0	 0.0; % SYNC
	12	 498.0	 2.066	 249.0	 -249.0	 0.97848	 100.0	 1	 498	 0.0	 0.0	 0.0	 0.0	 0.0	 0.0	 0.0	 0.0	 0.0	 0.0	 0.0	 0.0; % NG
];

%% generator cost data
%	2	startup	shutdown	n	c(n-1)	...	c0
mpc.gencost = [
	2	 0.0	 0.0	 3	   0.000000	   0.759510	   0.000000; % COW
	2	 0.0	 0.0	 3	   0.000000	   0.000000	   0.000000; % SYNC
	2	 0.0	 0.0	 3	   0.000000	   0.879823	   0.000000; % NG
	2	 0.0	 0.0	 3	   0.000000	   0.000000	   0.000000; % SYNC
	2	 0.0	 0.0	 3	   0.000000	   1.092701	   0.000000; % NG
	2	 0.0	 0.0	 3	   0.000000	   0.000000	   0.000000; % SYNC
	2	 0.0	 0.0	 3	   0.000000	   0.984369	   0.000000; % NG
];

%% branch data
%	fbus	tbus	r	x	b	rateA	rateB	rateC	ratio	angle	status	angmin	angmax
