%%%%%%%%%%%%%%%%%%%%%%%%%%%%%%%%%%%%%%%%%%%%%%%%%%%%%%%%%%%%%%%%%%%%%%%%%%%
%%%%                                                                  %%%%%
%%%%      NICTA Energy System Test Case Archive (NESTA) - v0.7.0      %%%%%
%%%%            Optimal Power Flow - Active Power Increase            %%%%%
%%%%                         05 - June - 2017                         %%%%%
%%%%                                                                  %%%%%
%%%%%%%%%%%%%%%%%%%%%%%%%%%%%%%%%%%%%%%%%%%%%%%%%%%%%%%%%%%%%%%%%%%%%%%%%%%
function mpc = nesta_case30_ieee__api
mpc.version = '2';
mpc.baseMVA = 100.0;

%% bus data
%	bus_i	type	Pd	Qd	Gs	Bs	area	Vm	Va	baseKV	zone	Vmax	Vmin
mpc.bus = [
	1	 3	 0.00	 0.00	 0.0	 0.0	 1	    1.06000	    0.00000	 132.0	 1	    1.06000	    0.94000;
	2	 2	 36.08	 12.70	 0.0	 0.0	 1	    1.02472	   -3.89871	 132.0	 1	    1.06000	    0.94000;
	3	 1	 3.99	 1.20	 0.0	 0.0	 1	    1.00987	  -10.54556	 132.0	 1	    1.06000	    0.94000;
	4	 1	 12.64	 1.60	 0.0	 0.0	 1	    1.00021	  -13.01932	 132.0	 1	    1.06000	    0.94000;
	5	 2	 156.64	 19.00	 0.0	 0.0	 1	    0.96532	  -20.12333	 132.0	 1	    1.06000	    0.94000;
	6	 1	 0.00	 0.00	 0.0	 0.0	 1	    1.01417	  -16.06932	 132.0	 1	    1.06000	    0.94000;
	7	 1	 37.91	 10.90	 0.0	 0.0	 1	    0.98352	  -18.69762	 132.0	 1	    1.06000	    0.94000;
	8	 2	 49.89	 30.00	 0.0	 0.0	 1	    1.06000	  -18.03013	 132.0	 1	    1.06000	    0.94000;
	9	 1	 0.00	 0.00	 0.0	 0.0	 1	    1.03470	  -21.30098	 1.0	 1	    1.06000	    0.94000;
	10	 1	 9.64	 2.00	 0.0	 19.0	 1	    1.02363	  -24.10105	 33.0	 1	    1.06000	    0.94000;
	11	 2	 0.00	 0.00	 0.0	 0.0	 1	    1.06000	  -21.30098	 11.0	 1	    1.06000	    0.94000;
	12	 1	 18.62	 7.50	 0.0	 0.0	 1	    1.02346	  -22.56142	 33.0	 1	    1.06000	    0.94000;
	13	 2	 0.00	 0.00	 0.0	 0.0	 1	    1.02323	  -22.56142	 11.0	 1	    1.06000	    0.94000;
	14	 1	 10.31	 1.60	 0.0	 0.0	 1	    1.00421	  -24.23353	 33.0	 1	    1.06000	    0.94000;
	15	 1	 13.64	 2.50	 0.0	 0.0	 1	    0.99997	  -24.49464	 33.0	 1	    1.06000	    0.94000;
	16	 1	 5.82	 1.80	 0.0	 0.0	 1	    1.01308	  -23.78888	 33.0	 1	    1.06000	    0.94000;
	17	 1	 14.97	 5.80	 0.0	 0.0	 1	    1.01404	  -24.41364	 33.0	 1	    1.06000	    0.94000;
	18	 1	 5.32	 0.90	 0.0	 0.0	 1	    0.99057	  -25.68236	 33.0	 1	    1.06000	    0.94000;
	19	 1	 15.80	 3.40	 0.0	 0.0	 1	    0.98972	  -26.02390	 33.0	 1	    1.06000	    0.94000;
	20	 1	 3.66	 0.70	 0.0	 0.0	 1	    0.99705	  -25.64607	 33.0	 1	    1.06000	    0.94000;
	21	 1	 29.10	 11.20	 0.0	 0.0	 1	    1.00710	  -24.98507	 33.0	 1	    1.06000	    0.94000;
	22	 1	 0.00	 0.00	 0.0	 0.0	 1	    1.00775	  -24.95004	 33.0	 1	    1.06000	    0.94000;
	23	 1	 5.32	 1.60	 0.0	 0.0	 1	    0.99124	  -25.29964	 33.0	 1	    1.06000	    0.94000;
	24	 1	 14.47	 6.70	 0.0	 4.3	 1	    0.99128	  -25.67125	 33.0	 1	    1.06000	    0.94000;
	25	 1	 0.00	 0.00	 0.0	 0.0	 1	    0.99861	  -25.03046	 33.0	 1	    1.06000	    0.94000;
	26	 1	 5.82	 2.30	 0.0	 0.0	 1	    0.97430	  -25.98833	 33.0	 1	    1.06000	    0.94000;
	27	 1	 0.00	 0.00	 0.0	 0.0	 1	    1.01469	  -24.08483	 33.0	 1	    1.06000	    0.94000;
	28	 1	 0.00	 0.00	 0.0	 0.0	 1	    1.01663	  -17.26635	 132.0	 1	    1.06000	    0.94000;
	29	 1	 3.99	 0.90	 0.0	 0.0	 1	    0.98418	  -26.30762	 33.0	 1	    1.06000	    0.94000;
	30	 1	 17.63	 1.90	 0.0	 0.0	 1	    0.96596	  -27.89584	 33.0	 1	    1.06000	    0.94000;
];

%% generator data
%	bus	Pg	Qg	Qmax	Qmin	Vg	mBase	status	Pmax	Pmin	Pc1	Pc2	Qc1min	Qc1max	Qc2min	Qc2max	ramp_agc	ramp_10	ramp_30	ramp_q	apf
mpc.gen = [
	1	 257.715	 28.522	 259.0	 -259.0	 1.06	 100.0	 1	 517	 0.0	 0.0	 0.0	 0.0	 0.0	 0.0	 0.0	 0.0	 0.0	 0.0	 0.0	 0.0; % NG
	2	 255.035	 -21.131	 560.0	 -560.0	 1.02472	 100.0	 1	 1120	 0.0	 0.0	 0.0	 0.0	 0.0	 0.0	 0.0	 0.0	 0.0	 0.0	 0.0	 0.0; % COW
	5	 0.0	 33.043	 40.0	 -40.0	 0.96532	 100.0	 1	 0	 0.0	 0.0	 0.0	 0.0	 0.0	 0.0	 0.0	 0.0	 0.0	 0.0	 0.0	 0.0; % SYNC
	8	 0.0	 181.539	 230.4	 -230.4	 1.06	 100.0	 1	 0	 0.0	 0.0	 0.0	 0.0	 0.0	 0.0	 0.0	 0.0	 0.0	 0.0	 0.0	 0.0; % SYNC
	11	 0.0	 12.891	 24.0	 -18.0	 1.06	 100.0	 1	 0	 0.0	 0.0	 0.0	 0.0	 0.0	 0.0	 0.0	 0.0	 0.0	 0.0	 0.0	 0.0; % SYNC
	13	 0.0	 -0.172	 24.0	 -6.0	 1.02323	 100.0	 1	 0	 0.0	 0.0	 0.0	 0.0	 0.0	 0.0	 0.0	 0.0	 0.0	 0.0	 0.0	 0.0; % SYNC
];

%% generator cost data
%	2	startup	shutdown	n	c(n-1)	...	c0
mpc.gencost = [
	2	 0.0	 0.0	 3	   0.000000	   0.769056	   0.000000; % NG
	2	 0.0	 0.0	 3	   0.000000	   0.850065	   0.000000; % COW
	2	 0.0	 0.0	 3	   0.000000	   0.000000	   0.000000; % SYNC
	2	 0.0	 0.0	 3	   0.000000	   0.000000	   0.000000; % SYNC
	2	 0.0	 0.0	 3	   0.000000	   0.000000	   0.000000; % SYNC
	2	 0.0	 0.0	 3	   0.000000	   0.000000	   0.000000; % SYNC
];

%% branch data
%	fbus	tbus	r	x	b	rateA	rateB	rateC	ratio	angle	status	angmin	angmax
mpc.branch = [
	1	 2	 0.0192	 0.0575	 0.0528	 138.0	 138.0	 138.0	 0.0	 0.0	 1	 -30.0	 30.0;
	1	 3	 0.0452	 0.1652	 0.0408	 152.0	 152.0	 152.0	 0.0	 0.0	 1	 -30.0	 30.0;
	2	 4	 0.057	 0.1737	 0.0368	 139.0	 139.0	 139.0	 0.0	 0.0	 1	 -30.0	 30.0;
	3	 4	 0.0132	 0.0379	 0.0084	 135.0	 135.0	 135.0	 0.0	 0.0	 1	 -30.0	 30.0;
	2	 5	 0.0472	 0.1983	 0.0418	 144.0	 144.0	 144.0	 0.0	 0.0	 1	 -30.0	 30.0;
	2	 6	 0.0581	 0.1763	 0.0374	 139.0	 139.0	 139.0	 0.0	 0.0	 1	 -30.0	 30.0;
	4	 6	 0.0119	 0.0414	 0.009	 148.0	 148.0	 148.0	 0.0	 0.0	 1	 -30.0	 30.0;
	5	 7	 0.046	 0.116	 0.0204	 127.0	 127.0	 127.0	 0.0	 0.0	 1	 -30.0	 30.0;
	6	 7	 0.0267	 0.082	 0.017	 140.0	 140.0	 140.0	 0.0	 0.0	 1	 -30.0	 30.0;
	6	 8	 0.012	 0.042	 0.009	 148.0	 148.0	 148.0	 0.0	 0.0	 1	 -30.0	 30.0;
	6	 9	 0.0	 0.208	 0.0	 142.0	 142.0	 142.0	 0.978	 0.0	 1	 -30.0	 30.0;
	6	 10	 0.0	 0.556	 0.0	 53.0	 53.0	 53.0	 0.969	 0.0	 1	 -30.0	 30.0;
	9	 11	 0.0	 0.208	 0.0	 142.0	 142.0	 142.0	 0.0	 0.0	 1	 -30.0	 30.0;
	9	 10	 0.0	 0.11	 0.0	 267.0	 267.0	 267.0	 0.0	 0.0	 1	 -30.0	 30.0;
	4	 12	 0.0	 0.256	 0.0	 115.0	 115.0	 115.0	 0.932	 0.0	 1	 -30.0	 30.0;
	12	 13	 0.0	 0.14	 0.0	 210.0	 210.0	 210.0	 0.0	 0.0	 1	 -30.0	 30.0;
	12	 14	 0.1231	 0.2559	 0.0	 29.0	 29.0	 29.0	 0.0	 0.0	 1	 -30.0	 30.0;
	12	 15	 0.0662	 0.1304	 0.0	 29.0	 29.0	 29.0	 0.0	 0.0	 1	 -30.0	 30.0;
	12	 16	 0.0945	 0.1987	 0.0	 30.0	 30.0	 30.0	 0.0	 0.0	 1	 -30.0	 30.0;
	14	 15	 0.221	 0.1997	 0.0	 20.0	 20.0	 20.0	 0.0	 0.0	 1	 -30.0	 30.0;
	16	 17	 0.0524	 0.1923	 0.0	 38.0	 38.0	 38.0	 0.0	 0.0	 1	 -30.0	 30.0;
	15	 18	 0.1073	 0.2185	 0.0	 29.0	 29.0	 29.0	 0.0	 0.0	 1	 -30.0	 30.0;
	18	 19	 0.0639	 0.1292	 0.0	 29.0	 29.0	 29.0	 0.0	 0.0	 1	 -30.0	 30.0;
	19	 20	 0.034	 0.068	 0.0	 29.0	 29.0	 29.0	 0.0	 0.0	 1	 -30.0	 30.0;
	10	 20	 0.0936	 0.209	 0.0	 30.0	 30.0	 30.0	 0.0	 0.0	 1	 -30.0	 30.0;
	10	 17	 0.0324	 0.0845	 0.0	 33.0	 33.0	 33.0	 0.0	 0.0	 1	 -30.0	 30.0;
	10	 21	 0.0348	 0.0749	 0.0	 30.0	 30.0	 30.0	 0.0	 0.0	 1	 -30.0	 30.0;
	10	 22	 0.0727	 0.1499	 0.0	 29.0	 29.0	 29.0	 0.0	 0.0	 1	 -30.0	 30.0;
	21	 22	 0.0116	 0.0236	 0.0	 29.0	 29.0	 29.0	 0.0	 0.0	 1	 -30.0	 30.0;
	15	 23	 0.1	 0.202	 0.0	 29.0	 29.0	 29.0	 0.0	 0.0	 1	 -30.0	 30.0;
	22	 24	 0.115	 0.179	 0.0	 26.0	 26.0	 26.0	 0.0	 0.0	 1	 -30.0	 30.0;
	23	 24	 0.132	 0.27	 0.0	 29.0	 29.0	 29.0	 0.0	 0.0	 1	 -30.0	 30.0;
	24	 25	 0.1885	 0.3292	 0.0	 27.0	 27.0	 27.0	 0.0	 0.0	 1	 -30.0	 30.0;
	25	 26	 0.2544	 0.38	 0.0	 25.0	 25.0	 25.0	 0.0	 0.0	 1	 -30.0	 30.0;
	25	 27	 0.1093	 0.2087	 0.0	 28.0	 28.0	 28.0	 0.0	 0.0	 1	 -30.0	 30.0;
	28	 27	 0.0	 0.396	 0.0	 75.0	 75.0	 75.0	 0.968	 0.0	 1	 -30.0	 30.0;
	27	 29	 0.2198	 0.4153	 0.0	 28.0	 28.0	 28.0	 0.0	 0.0	 1	 -30.0	 30.0;
	27	 30	 0.3202	 0.6027	 0.0	 28.0	 28.0	 28.0	 0.0	 0.0	 1	 -30.0	 30.0;
	29	 30	 0.2399	 0.4533	 0.0	 28.0	 28.0	 28.0	 0.0	 0.0	 1	 -30.0	 30.0;
	8	 28	 0.0636	 0.2	 0.0428	 140.0	 140.0	 140.0	 0.0	 0.0	 1	 -30.0	 30.0;
	6	 28	 0.0169	 0.0599	 0.013	 149.0	 149.0	 149.0	 0.0	 0.0	 1	 -30.0	 30.0;
];
