%%%%%%%%%%%%%%%%%%%%%%%%%%%%%%%%%%%%%%%%%%%%%%%%%%%%%%%%%%%%%%%%%%%%%%%%%%%
%%%%                                                                  %%%%%
%%%%      NICTA Energy System Test Case Archive (NESTA) - v0.7.0      %%%%%
%%%%            Optimal Power Flow - Active Power Increase            %%%%%
%%%%                         05 - June - 2017                         %%%%%
%%%%                                                                  %%%%%
%%%%%%%%%%%%%%%%%%%%%%%%%%%%%%%%%%%%%%%%%%%%%%%%%%%%%%%%%%%%%%%%%%%%%%%%%%%
function mpc = nesta_case189_edin__api
mpc.version = '2';
mpc.baseMVA = 100.0;

%% area data
%	area	refbus
mpc.areas = [
	1	 1;
];

%% bus data
%	bus_i	type	Pd	Qd	Gs	Bs	area	Vm	Va	baseKV	zone	Vmax	Vmin
mpc.bus = [
	1	 1	 0.00	 0.00	 0.0	 0.0	 1	    1.05019	  -13.38308	 220.0	 1	    1.10000	    0.90000;
	2	 2	 0.88	 0.26	 0.0	 0.0	 1	    1.10000	   -2.97474	 13.8	 1	    1.10000	    0.90000;
	3	 2	 5.27	 1.53	 0.0	 0.0	 1	    1.10000	   -1.63250	 13.8	 1	    1.10000	    0.90000;
	4	 2	 0.00	 0.00	 0.0	 0.0	 1	    1.10000	  -12.23122	 13.8	 1	    1.10000	    0.90000;
	5	 1	 0.00	 0.00	 0.0	 0.0	 1	    1.09534	   -3.50027	 66.0	 1	    1.10000	    0.90000;
	6	 1	 0.00	 0.00	 0.0	 0.0	 1	    1.09533	   -3.49960	 66.0	 1	    1.10000	    0.90000;
	7	 1	 0.00	 0.00	 0.0	 0.0	 1	    1.06804	  -10.62375	 220.0	 1	    1.10000	    0.90000;
	8	 2	 0.00	 0.00	 0.0	 0.0	 1	    1.10000	  -10.67332	 10.5	 1	    1.10000	    0.90000;
	9	 2	 0.00	 0.00	 0.0	 0.0	 1	    1.10000	    4.52025	 10.5	 1	    1.10000	    0.90000;
	10	 3	 0.00	 0.00	 0.0	 0.0	 1	    1.10000	    0.00000	 10.5	 1	    1.10000	    0.90000;
	11	 1	 0.00	 0.00	 0.0	 0.0	 1	    1.08137	  -12.68948	 132.0	 1	    1.10000	    0.90000;
	12	 1	 0.00	 0.00	 0.0	 0.0	 1	    1.06466	  -11.43401	 220.0	 1	    1.10000	    0.90000;
	13	 2	 0.00	 0.00	 0.0	 0.0	 1	    1.10000	  -10.41040	 13.8	 1	    1.10000	    0.90000;
	14	 2	 0.00	 0.00	 0.0	 0.0	 1	    1.10000	  -11.49031	 13.8	 1	    1.10000	    0.90000;
	15	 1	 0.00	 0.00	 0.0	 0.0	 1	    1.06932	  -10.59828	 220.0	 1	    1.10000	    0.90000;
	16	 2	 0.00	 0.00	 0.0	 0.0	 1	    1.09700	   -9.74140	 11.0	 1	    1.10000	    0.90000;
	17	 1	 0.00	 0.00	 0.0	 0.0	 1	    1.04876	  -13.45076	 220.0	 1	    1.10000	    0.90000;
	18	 2	 0.00	 0.00	 0.0	 0.0	 1	    1.10000	   -3.68662	 11.0	 1	    1.10000	    0.90000;
	19	 2	 0.00	 0.00	 0.0	 0.0	 1	    1.10000	   -6.96272	 11.0	 1	    1.10000	    0.90000;
	20	 1	 0.00	 0.00	 0.0	 0.0	 1	    1.04892	  -13.45166	 220.0	 1	    1.10000	    0.90000;
	21	 1	 0.00	 0.00	 0.0	 0.0	 1	    1.04737	  -13.98927	 220.0	 1	    1.10000	    0.90000;
	22	 1	 10.98	 7.10	 0.0	 0.0	 1	    1.05255	   -8.36534	 66.0	 1	    1.10000	    0.90000;
	23	 1	 4.25	 1.89	 0.0	 0.0	 1	    1.06849	   -6.39514	 66.0	 1	    1.10000	    0.90000;
	24	 1	 8.40	 4.73	 0.0	 0.0	 1	    1.05033	   -9.52234	 66.0	 1	    1.10000	    0.90000;
	25	 1	 0.00	 0.00	 0.0	 0.0	 1	    1.03295	  -17.09834	 220.0	 1	    1.10000	    0.90000;
	26	 1	 0.00	 0.00	 0.0	 0.0	 1	    1.07371	  -12.45424	 132.0	 1	    1.10000	    0.90000;
	27	 2	 0.00	 0.00	 0.0	 0.0	 1	    1.10000	   -7.28650	 10.5	 1	    1.10000	    0.90000;
	28	 2	 0.00	 0.00	 0.0	 0.0	 1	    1.10000	   -8.06719	 10.5	 1	    1.10000	    0.90000;
	29	 2	 0.00	 0.00	 0.0	 0.0	 1	    1.10000	  -11.25518	 10.5	 1	    1.10000	    0.90000;
	30	 1	 0.00	 0.00	 0.0	 0.0	 1	    1.08288	  -13.21493	 66.0	 1	    1.10000	    0.90000;
	31	 1	 0.00	 0.00	 0.0	 0.0	 1	    1.09187	  -13.34495	 66.0	 1	    1.10000	    0.90000;
	32	 2	 0.00	 0.00	 0.0	 0.0	 1	    1.09840	  -13.29813	 6.6	 1	    1.10000	    0.90000;
	33	 2	 0.00	 0.00	 0.0	 0.0	 1	    1.10000	  -13.13024	 6.6	 1	    1.10000	    0.90000;
	34	 1	 0.00	 0.00	 0.0	 0.0	 1	    1.09187	  -13.34495	 6.6	 1	    1.10000	    0.90000;
	35	 1	 0.00	 0.00	 0.0	 0.0	 1	    1.08346	  -13.33551	 66.0	 1	    1.10000	    0.90000;
	36	 2	 0.00	 0.00	 0.0	 0.0	 1	    1.10000	  -13.39279	 6.6	 1	    1.10000	    0.90000;
	37	 1	 4.24	 1.23	 0.0	 0.0	 1	    1.05662	  -16.63413	 11.0	 1	    1.10000	    0.90000;
	38	 1	 8.76	 3.53	 0.0	 0.0	 1	    1.08346	  -13.33593	 66.0	 1	    1.10000	    0.90000;
	39	 1	 0.00	 0.00	 0.0	 0.0	 1	    1.01940	  -19.35996	 220.0	 1	    1.10000	    0.90000;
	40	 1	 0.00	 0.00	 0.0	 0.0	 1	    1.03052	  -15.93595	 132.0	 1	    1.10000	    0.90000;
	41	 1	 0.00	 0.00	 0.0	 0.0	 1	    1.01981	  -19.35161	 220.0	 1	    1.10000	    0.90000;
	42	 2	 0.00	 0.00	 0.0	 0.0	 1	    1.10000	   -8.30976	 11.0	 1	    1.10000	    0.90000;
	43	 2	 0.00	 0.00	 0.0	 0.0	 1	    1.10000	  -19.57602	 11.0	 1	    1.10000	    0.90000;
	44	 1	 12.37	 5.12	 0.0	 0.0	 1	    1.05003	  -12.19243	 66.0	 1	    1.10000	    0.90000;
	45	 1	 6.01	 2.73	 0.0	 0.0	 1	    1.04453	  -12.43508	 33.0	 1	    1.10000	    0.90000;
	46	 1	 0.00	 0.00	 0.0	 0.0	 1	    1.03224	  -16.82089	 220.0	 1	    1.10000	    0.90000;
	47	 1	 0.00	 0.00	 0.0	 0.0	 1	    1.03052	  -15.93595	 132.0	 1	    1.10000	    0.90000;
	48	 1	 0.00	 0.00	 0.0	 0.0	 1	    1.01940	  -19.35997	 220.0	 1	    1.10000	    0.90000;
	49	 1	 11.31	 2.50	 0.0	 0.0	 1	    1.07699	  -20.11541	 132.0	 1	    1.10000	    0.90000;
	50	 2	 0.00	 0.00	 0.0	 0.0	 1	    1.10000	  -20.19881	 11.0	 1	    1.10000	    0.90000;
	51	 2	 0.00	 0.00	 0.0	 0.0	 1	    1.10000	  -15.99915	 11.0	 1	    1.10000	    0.90000;
	52	 2	 0.00	 0.00	 0.0	 0.0	 1	    1.10000	  -20.19881	 11.0	 1	    1.10000	    0.90000;
	53	 2	 0.00	 0.00	 0.0	 0.0	 1	    1.10000	  -19.15514	 11.0	 1	    1.10000	    0.90000;
	54	 1	 9.33	 2.05	 0.0	 0.0	 1	    1.07813	  -13.75473	 66.0	 1	    1.10000	    0.90000;
	55	 1	 0.00	 0.00	 0.0	 0.0	 1	    1.07618	  -20.14519	 132.0	 1	    1.10000	    0.90000;
	56	 1	 0.00	 0.00	 0.0	 0.0	 1	    1.06161	  -20.81401	 132.0	 1	    1.10000	    0.90000;
	57	 1	 0.00	 0.00	 0.0	 0.0	 1	    1.01108	  -20.59213	 220.0	 1	    1.10000	    0.90000;
	58	 1	 0.00	 0.00	 0.0	 0.3	 1	    1.05471	  -20.62636	 132.0	 1	    1.10000	    0.90000;
	59	 1	 0.00	 0.00	 0.0	 0.0	 1	    1.05142	  -20.81463	 132.0	 1	    1.10000	    0.90000;
	60	 1	 300.83	 68.47	 0.0	 0.0	 1	    0.93379	  -31.79124	 21.0	 1	    1.10000	    0.90000;
	61	 1	 0.00	 0.00	 0.0	 0.0	 1	    0.99173	  -22.24652	 220.0	 1	    1.10000	    0.90000;
	62	 1	 0.00	 0.00	 0.0	 0.0	 1	    0.99356	  -22.04886	 220.0	 1	    1.10000	    0.90000;
	63	 1	 164.96	 36.81	 0.0	 0.0	 1	    0.91732	  -34.53236	 33.0	 1	    1.10000	    0.90000;
	64	 1	 0.00	 0.00	 0.0	 0.0	 1	    0.99548	  -21.92481	 220.0	 1	    1.10000	    0.90000;
	65	 1	 74.89	 12.00	 0.0	 0.0	 1	    0.97449	  -27.22204	 33.0	 1	    1.10000	    0.90000;
	66	 1	 0.00	 0.00	 0.0	 0.0	 1	    0.99379	  -22.11067	 220.0	 1	    1.10000	    0.90000;
	67	 1	 119.82	 20.00	 0.0	 0.0	 1	    0.95401	  -30.80234	 33.0	 1	    1.10000	    0.90000;
	68	 1	 83.87	 14.00	 0.0	 0.0	 1	    0.96883	  -28.08936	 33.0	 1	    1.10000	    0.90000;
	69	 1	 0.00	 0.00	 0.0	 0.0	 1	    1.05667	  -20.96139	 132.0	 1	    1.10000	    0.90000;
	70	 1	 50.98	 20.90	 0.0	 0.0	 1	    1.04294	  -22.52254	 33.0	 1	    1.10000	    0.90000;
	71	 1	 0.00	 0.00	 0.0	 0.08	 1	    0.99630	  -21.81573	 220.0	 1	    1.10000	    0.90000;
	72	 1	 0.00	 0.00	 0.0	 0.43	 1	    1.00341	  -20.15472	 132.0	 1	    1.10000	    0.90000;
	73	 1	 0.00	 0.00	 0.0	 0.0	 1	    1.00266	  -20.21666	 132.0	 1	    1.10000	    0.90000;
	74	 1	 25.96	 9.28	 0.0	 0.0	 1	    0.99035	  -21.66116	 11.0	 1	    1.10000	    0.90000;
	75	 1	 0.00	 0.00	 0.0	 0.0	 1	    1.01300	  -20.04666	 220.0	 1	    1.10000	    0.90000;
	76	 1	 0.00	 0.00	 0.0	 0.75	 1	    0.98480	  -24.15517	 220.0	 1	    1.10000	    0.90000;
	77	 1	 0.82	 0.24	 0.0	 0.0	 1	    1.00387	  -19.08827	 132.0	 1	    1.10000	    0.90000;
	78	 1	 11.62	 3.38	 0.0	 0.0	 1	    1.00067	  -19.61518	 66.0	 1	    1.10000	    0.90000;
	79	 1	 0.00	 0.00	 0.0	 0.0	 1	    1.00067	  -19.61518	 11.0	 1	    1.10000	    0.90000;
	80	 1	 187.23	 31.30	 0.0	 0.0	 1	    0.98217	  -24.58595	 220.0	 1	    1.10000	    0.90000;
