%%%%%%%%%%%%%%%%%%%%%%%%%%%%%%%%%%%%%%%%%%%%%%%%%%%%%%%%%%%%%%%%%%%%%%%%%%%
%%%%                                                                  %%%%%
%%%%      NICTA Energy System Test Case Archive (NESTA) - v0.7.0      %%%%%
%%%%            Optimal Power Flow - Active Power Increase            %%%%%
%%%%                         05 - June - 2017                         %%%%%
%%%%                                                                  %%%%%
%%%%%%%%%%%%%%%%%%%%%%%%%%%%%%%%%%%%%%%%%%%%%%%%%%%%%%%%%%%%%%%%%%%%%%%%%%%
function mpc = nesta_case118_ieee__api
mpc.version = '2';
mpc.baseMVA = 100.0;

%% bus data
%	bus_i	type	Pd	Qd	Gs	Bs	area	Vm	Va	baseKV	zone	Vmax	Vmin
mpc.bus = [
	1	 2	 85.45	 27.00	 0.0	 0.0	 1	    1.03366	   17.82793	 138.0	 1	    1.06000	    0.94000;
	2	 1	 33.51	 9.00	 0.0	 0.0	 1	    1.03284	   20.22204	 138.0	 1	    1.06000	    0.94000;
	3	 1	 65.34	 10.00	 0.0	 0.0	 1	    1.03346	   18.95434	 138.0	 1	    1.06000	    0.94000;
	4	 2	 65.34	 12.00	 0.0	 0.0	 1	    1.06000	   22.31767	 138.0	 1	    1.06000	    0.94000;
	5	 1	 0.00	 0.00	 0.0	 -40.0	 1	    1.05120	   22.87863	 138.0	 1	    1.06000	    0.94000;
	6	 2	 87.12	 22.00	 0.0	 0.0	 1	    1.06000	   21.05063	 138.0	 1	    1.06000	    0.94000;
	7	 1	 31.83	 2.00	 0.0	 0.0	 1	    1.05257	   21.45606	 138.0	 1	    1.06000	    0.94000;
	8	 2	 28.00	 0.00	 0.0	 0.0	 1	    1.01023	   26.94311	 345.0	 1	    1.06000	    0.94000;
	9	 1	 0.00	 0.00	 0.0	 0.0	 1	    1.02239	   38.75443	 345.0	 1	    1.06000	    0.94000;
	10	 2	 0.00	 0.00	 0.0	 0.0	 1	    1.04226	   51.02232	 345.0	 1	    1.06000	    0.94000;
	11	 1	 117.28	 23.00	 0.0	 0.0	 1	    1.03393	   21.17695	 138.0	 1	    1.06000	    0.94000;
	12	 2	 78.75	 10.00	 0.0	 0.0	 1	    1.04402	   22.71330	 138.0	 1	    1.06000	    0.94000;
	13	 1	 56.96	 16.00	 0.0	 0.0	 1	    0.99450	   16.47230	 138.0	 1	    1.06000	    0.94000;
	14	 1	 23.046	 1.00	 0.0	 0.0	 1	    1.01198	   18.18415	 138.0	 1	    1.06000	    0.94000;
	15	 2	 150.79	 30.00	 0.0	 0.0	 1	    0.95854	    7.31789	 138.0	 1	    1.06000	    0.94000;
	16	 1	 41.89	 10.00	 0.0	 0.0	 1	    1.00896	   17.99294	 138.0	 1	    1.06000	    0.94000;
	17	 1	 18.43	 3.00	 0.0	 0.0	 1	    0.97847	   11.31759	 138.0	 1	    1.06000	    0.94000;
	18	 2	 100.53	 34.00	 0.0	 0.0	 1	    0.98523	    6.27131	 138.0	 1	    1.06000	    0.94000;
	19	 2	 75.39	 25.00	 0.0	 0.0	 1	    0.97509	    4.76467	 138.0	 1	    1.06000	    0.94000;
	20	 1	 30.16	 3.00	 0.0	 0.0	 1	    0.95996	    2.84523	 138.0	 1	    1.06000	    0.94000;
	21	 1	 23.46	 8.00	 0.0	 0.0	 1	    0.95569	    3.01639	 138.0	 1	    1.06000	    0.94000;
	22	 1	 16.75	 5.00	 0.0	 0.0	 1	    0.96228	    4.55269	 138.0	 1	    1.06000	    0.94000;
	23	 1	 11.73	 3.00	 0.0	 0.0	 1	    0.98527	    8.56671	 138.0	 1	    1.06000	    0.94000;
	24	 2	 13.00	 0.00	 0.0	 0.0	 1	    0.97516	    4.42097	 138.0	 1	    1.06000	    0.94000;
	25	 2	 0.00	 0.00	 0.0	 0.0	 1	    0.99944	   17.28794	 138.0	 1	    1.06000	    0.94000;
	26	 2	 0.00	 0.00	 0.0	 0.0	 1	    0.99742	   23.21334	 345.0	 1	    1.06000	    0.94000;
	27	 2	 118.96	 13.00	 0.0	 0.0	 1	    1.06000	    8.07661	 138.0	 1	    1.06000	    0.94000;
	28	 1	 28.48	 7.00	 0.0	 0.0	 1	    1.02998	   10.60421	 138.0	 1	    1.06000	    0.94000;
	29	 1	 40.21	 4.00	 0.0	 0.0	 1	    1.01292	   15.00474	 138.0	 1	    1.06000	    0.94000;
	30	 1	 0.00	 0.00	 0.0	 0.0	 1	    0.97288	   16.14298	 345.0	 1	    1.06000	    0.94000;
	31	 2	 72.04	 27.00	 0.0	 0.0	 1	    1.01577	   17.34440	 138.0	 1	    1.06000	    0.94000;
	32	 2	 98.85	 23.00	 0.0	 0.0	 1	    1.00646	    9.11125	 138.0	 1	    1.06000	    0.94000;
	33	 1	 38.54	 9.00	 0.0	 0.0	 1	    0.98870	    1.84965	 138.0	 1	    1.06000	    0.94000;
	34	 2	 98.85	 26.00	 0.0	 14.0	 1	    1.06000	   -1.60414	 138.0	 1	    1.06000	    0.94000;
	35	 1	 55.29	 9.00	 0.0	 0.0	 1	    1.05741	   -2.38111	 138.0	 1	    1.06000	    0.94000;
	36	 2	 51.94	 17.00	 0.0	 0.0	 1	    1.06000	   -2.40630	 138.0	 1	    1.06000	    0.94000;
	37	 1	 0.00	 0.00	 0.0	 -25.0	 1	    1.05472	   -0.89059	 138.0	 1	    1.06000	    0.94000;
	38	 1	 0.00	 0.00	 0.0	 0.0	 1	    0.97280	    6.60282	 345.0	 1	    1.06000	    0.94000;
	39	 1	 45.24	 11.00	 0.0	 0.0	 1	    1.03700	   -7.82886	 138.0	 1	    1.06000	    0.94000;
	40	 2	 110.58	 23.00	 0.0	 0.0	 1	    1.04541	  -10.45459	 138.0	 1	    1.06000	    0.94000;
	41	 1	 61.99	 10.00	 0.0	 0.0	 1	    1.02670	  -11.58600	 138.0	 1	    1.06000	    0.94000;
	42	 2	 160.84	 23.00	 0.0	 0.0	 1	    1.00992	  -10.36820	 138.0	 1	    1.06000	    0.94000;
	43	 1	 30.16	 7.00	 0.0	 0.0	 1	    1.03447	   -1.45414	 138.0	 1	    1.06000	    0.94000;
	44	 1	 26.81	 8.00	 0.0	 10.0	 1	    1.02121	    2.74605	 138.0	 1	    1.06000	    0.94000;
	45	 1	 88.80	 22.00	 0.0	 10.0	 1	    1.01868	    5.72635	 138.0	 1	    1.06000	    0.94000;
	46	 2	 46.91	 10.00	 0.0	 10.0	 1	    1.06000	   16.76280	 138.0	 1	    1.06000	    0.94000;
	47	 1	 34.00	 0.00	 0.0	 0.0	 1	    1.03895	    7.17133	 138.0	 1	    1.06000	    0.94000;
	48	 1	 33.51	 11.00	 0.0	 15.0	 1	    1.04925	    6.84951	 138.0	 1	    1.06000	    0.94000;
	49	 2	 145.76	 30.00	 0.0	 0.0	 1	    1.05096	    5.12170	 138.0	 1	    1.06000	    0.94000;
	50	 1	 28.48	 4.00	 0.0	 0.0	 1	    1.03790	    3.14633	 138.0	 1	    1.06000	    0.94000;
	51	 1	 28.48	 8.00	 0.0	 0.0	 1	    1.01809	    0.74500	 138.0	 1	    1.06000	    0.94000;
	52	 1	 30.16	 5.00	 0.0	 0.0	 1	    1.01170	   -0.21671	 138.0	 1	    1.06000	    0.94000;
	53	 1	 38.54	 11.00	 0.0	 0.0	 1	    1.01463	   -0.20212	 138.0	 1	    1.06000	    0.94000;
	54	 2	 189.32	 32.00	 0.0	 0.0	 1	    1.03655	    2.26953	 138.0	 1	    1.06000	    0.94000;
	55	 2	 105.55	 22.00	 0.0	 0.0	 1	    1.03302	    1.07528	 138.0	 1	    1.06000	    0.94000;
	56	 2	 140.74	 18.00	 0.0	 0.0	 1	    1.03256	    1.47673	 138.0	 1	    1.06000	    0.94000;
	57	 1	 20.11	 3.00	 0.0	 0.0	 1	    1.03079	    1.57136	 138.0	 1	    1.06000	    0.94000;
	58	 1	 20.11	 3.00	 0.0	 0.0	 1	    1.02101	    0.61211	 138.0	 1	    1.06000	    0.94000;
	59	 2	 464.10	 113.00	 0.0	 0.0	 1	    1.06000	    4.41629	 138.0	 1	    1.06000	    0.94000;
	60	 1	 130.68	 3.00	 0.0	 0.0	 1	    1.05117	    6.99886	 138.0	 1	    1.06000	    0.94000;
	61	 2	 0.00	 0.00	 0.0	 0.0	 1	    1.05487	    8.30302	 138.0	 1	    1.06000	    0.94000;
	62	 2	 129.01	 14.00	 0.0	 0.0	 1	    1.04660	    6.36473	 138.0	 1	    1.06000	    0.94000;
	63	 1	 0.00	 0.00	 0.0	 0.0	 1	    1.00771	    7.26431	 345.0	 1	    1.06000	    0.94000;
	64	 1	 0.00	 0.00	 0.0	 0.0	 1	    1.00354	    8.92202	 345.0	 1	    1.06000	    0.94000;
	65	 2	 0.00	 0.00	 0.0	 0.0	 1	    0.95097	   12.63340	 345.0	 1	    1.06000	    0.94000;
	66	 2	 65.34	 18.00	 0.0	 0.0	 1	    1.06000	    7.93040	 138.0	 1	    1.06000	    0.94000;
	67	 1	 46.91	 7.00	 0.0	 0.0	 1	    1.04604	    5.90651	 138.0	 1	    1.06000	    0.94000;
	68	 1	 0.00	 0.00	 0.0	 0.0	 1	    0.94103	    5.62660	 345.0	 1	    1.06000	    0.94000;
	69	 3	 0.00	 0.00	 0.0	 0.0	 1	    0.99133	    0.00000	 138.0	 1	    1.06000	    0.94000;
	70	 2	 110.58	 20.00	 0.0	 0.0	 1	    1.06000	   -9.30997	 138.0	 1	    1.06000	    0.94000;
	71	 1	 0.00	 0.00	 0.0	 0.0	 1	    1.05906	   -8.52143	 138.0	 1	    1.06000	    0.94000;
	72	 2	 12.00	 0.00	 0.0	 0.0	 1	    1.04901	   -3.75879	 138.0	 1	    1.06000	    0.94000;
	73	 2	 6.00	 0.00	 0.0	 0.0	 1	    1.06000	   -8.67531	 138.0	 1	    1.06000	    0.94000;
	74	 2	 113.93	 27.00	 0.0	 12.0	 1	    0.94000	  -12.15388	 138.0	 1	    1.06000	    0.94000;
	75	 1	 78.75	 11.00	 0.0	 0.0	 1	    0.95654	  -10.85933	 138.0	 1	    1.06000	    0.94000;
	76	 2	 113.93	 36.00	 0.0	 0.0	 1	    0.94000	  -14.10881	 138.0	 1	    1.06000	    0.94000;
	77	 2	 102.20	 28.00	 0.0	 0.0	 1	    0.99965	   -6.02603	 138.0	 1	    1.06000	    0.94000;
	78	 1	 118.96	 26.00	 0.0	 0.0	 1	    0.99294	   -6.56603	 138.0	 1	    1.06000	    0.94000;
