%%%%%%%%%%%%%%%%%%%%%%%%%%%%%%%%%%%%%%%%%%%%%%%%%%%%%%%%%%%%%%%%%%%%%%%%%%%
%%%%                                                                  %%%%%
%%%%      NICTA Energy System Test Case Archive (NESTA) - v0.7.0      %%%%%
%%%%           Optimal Power Flow - Small Angle Difference            %%%%%
%%%%                         05 - June - 2017                         %%%%%
%%%%                                                                  %%%%%
%%%%%%%%%%%%%%%%%%%%%%%%%%%%%%%%%%%%%%%%%%%%%%%%%%%%%%%%%%%%%%%%%%%%%%%%%%%
function mpc = nesta_case39_epri__sad
mpc.version = '2';
mpc.baseMVA = 100.0;

%% bus data
%	bus_i	type	Pd	Qd	Gs	Bs	area	Vm	Va	baseKV	zone	Vmax	Vmin
mpc.bus = [
	1	 1	 97.6	 44.2	 0.0	 0.0	 2	    1.02029	   -6.70366	 345.0	 1	    1.06000	    0.94000;
	2	 1	 0.0	 0.0	 0.0	 0.0	 2	    1.05085	   -3.38719	 345.0	 1	    1.06000	    0.94000;
	3	 1	 322.0	 2.4	 0.0	 0.0	 2	    1.04234	   -6.81257	 345.0	 1	    1.06000	    0.94000;
	4	 1	 500.0	 184.0	 0.0	 0.0	 1	    1.03271	   -8.25036	 345.0	 1	    1.06000	    0.94000;
	5	 1	 0.0	 0.0	 0.0	 0.0	 1	    1.04143	   -7.44263	 345.0	 1	    1.06000	    0.94000;
	6	 1	 0.0	 0.0	 0.0	 0.0	 1	    1.04595	   -6.87397	 345.0	 1	    1.06000	    0.94000;
	7	 1	 233.8	 84.0	 0.0	 0.0	 1	    1.03184	   -8.81118	 345.0	 1	    1.06000	    0.94000;
	8	 1	 522.0	 176.6	 0.0	 0.0	 1	    1.02891	   -9.22440	 345.0	 1	    1.06000	    0.94000;
	9	 1	 6.5	 -66.6	 0.0	 0.0	 1	    1.03218	   -8.30354	 345.0	 1	    1.06000	    0.94000;
	10	 1	 0.0	 0.0	 0.0	 0.0	 1	    1.05828	   -4.67144	 345.0	 1	    1.06000	    0.94000;
	11	 1	 0.0	 0.0	 0.0	 0.0	 1	    1.05289	   -5.41858	 345.0	 1	    1.06000	    0.94000;
	12	 1	 8.53	 88.0	 0.0	 0.0	 1	    1.04031	   -5.38969	 345.0	 1	    1.06000	    0.94000;
	13	 1	 0.0	 0.0	 0.0	 0.0	 1	    1.05249	   -5.23959	 345.0	 1	    1.06000	    0.94000;
	14	 1	 0.0	 0.0	 0.0	 0.0	 1	    1.04240	   -6.56812	 345.0	 1	    1.06000	    0.94000;
	15	 1	 320.0	 153.0	 0.0	 0.0	 3	    1.03213	   -6.63392	 345.0	 1	    1.06000	    0.94000;
	16	 1	 329.0	 32.3	 0.0	 0.0	 3	    1.04216	   -5.11656	 345.0	 1	    1.06000	    0.94000;
	17	 1	 0.0	 0.0	 0.0	 0.0	 2	    1.04411	   -5.93740	 345.0	 1	    1.06000	    0.94000;
	18	 1	 158.0	 30.0	 0.0	 0.0	 2	    1.04217	   -6.69059	 345.0	 1	    1.06000	    0.94000;
	19	 1	 0.0	 0.0	 0.0	 0.0	 3	    1.04768	   -0.26729	 345.0	 1	    1.06000	    0.94000;
	20	 1	 680.0	 103.0	 0.0	 0.0	 3	    0.98335	   -1.67661	 345.0	 1	    1.06000	    0.94000;
	21	 1	 274.0	 115.0	 0.0	 0.0	 3	    1.04169	   -2.83546	 345.0	 1	    1.06000	    0.94000;
	22	 1	 0.0	 0.0	 0.0	 0.0	 3	    1.05877	    1.45267	 345.0	 1	    1.06000	    0.94000;
	23	 1	 247.5	 84.6	 0.0	 0.0	 3	    1.05174	    1.02417	 345.0	 1	    1.06000	    0.94000;
	24	 1	 308.6	 -92.2	 0.0	 0.0	 3	    1.04731	   -5.05864	 345.0	 1	    1.06000	    0.94000;
	25	 1	 224.0	 47.2	 0.0	 0.0	 2	    1.06000	   -2.15446	 345.0	 1	    1.06000	    0.94000;
	26	 1	 139.0	 17.0	 0.0	 0.0	 2	    1.06000	   -3.80671	 345.0	 1	    1.06000	    0.94000;
	27	 1	 281.0	 75.5	 0.0	 0.0	 2	    1.04688	   -5.91981	 345.0	 1	    1.06000	    0.94000;
	28	 1	 206.0	 27.6	 0.0	 0.0	 3	    1.05985	   -0.43403	 345.0	 1	    1.06000	    0.94000;
	29	 1	 283.5	 26.9	 0.0	 0.0	 3	    1.06000	    2.24887	 345.0	 1	    1.06000	    0.94000;
	30	 2	 0.0	 0.0	 0.0	 0.0	 2	    1.04739	    0.21096	 345.0	 1	    1.06000	    0.94000;
	31	 3	 9.2	 4.6	 0.0	 0.0	 1	    1.04141	    0.00000	 345.0	 1	    1.06000	    0.94000;
	32	 2	 0.0	 0.0	 0.0	 0.0	 1	    1.03965	    2.20252	 345.0	 1	    1.06000	    0.94000;
	33	 2	 0.0	 0.0	 0.0	 0.0	 3	    0.99164	    5.16875	 345.0	 1	    1.06000	    0.94000;
	34	 2	 0.0	 0.0	 0.0	 0.0	 3	    0.99800	    3.64987	 345.0	 1	    1.06000	    0.94000;
	35	 2	 0.0	 0.0	 0.0	 0.0	 3	    1.06000	    6.60042	 345.0	 1	    1.06000	    0.94000;
	36	 2	 0.0	 0.0	 0.0	 0.0	 3	    1.06000	    7.89814	 345.0	 1	    1.06000	    0.94000;
	37	 2	 0.0	 0.0	 0.0	 0.0	 2	    1.02991	    4.71951	 345.0	 1	    1.06000	    0.94000;
	38	 2	 0.0	 0.0	 0.0	 0.0	 3	    1.03662	    9.12283	 345.0	 1	    1.06000	    0.94000;
	39	 2	 1104.0	 250.0	 0.0	 0.0	 1	    0.99790	   -7.47319	 345.0	 1	    1.06000	    0.94000;
];

%% generator data
%	bus	Pg	Qg	Qmax	Qmin	Vg	mBase	status	Pmax	Pmin	Pc1	Pc2	Qc1min	Qc1max	Qc2min	Qc2max	ramp_agc	ramp_10	ramp_30	ramp_q	apf
mpc.gen = [
	30	 372.323	 140.0	 400.0	 140.0	 1.04739	 100.0	 1	 1040.0	 0.0	 0.0	 0.0	 0.0	 0.0	 0.0	 0.0	 0.0	 0.0	 0.0	 0.0	 0.0;
	31	 496.558	 300.0	 300.0	 -100.0	 1.04141	 100.0	 1	 646.0	 0.0	 0.0	 0.0	 0.0	 0.0	 0.0	 0.0	 0.0	 0.0	 0.0	 0.0	 0.0;
	32	 615.339	 300.0	 300.0	 150.0	 1.03965	 100.0	 1	 725.0	 0.0	 0.0	 0.0	 0.0	 0.0	 0.0	 0.0	 0.0	 0.0	 0.0	 0.0	 0.0;
	33	 652.0	 85.858	 250.0	 0.0	 0.99164	 100.0	 1	 652.0	 0.0	 0.0	 0.0	 0.0	 0.0	 0.0	 0.0	 0.0	 0.0	 0.0	 0.0	 0.0;
	34	 508.0	 127.755	 167.0	 0.0	 0.998	 100.0	 1	 508.0	 0.0	 0.0	 0.0	 0.0	 0.0	 0.0	 0.0	 0.0	 0.0	 0.0	 0.0	 0.0;
	35	 687.0	 231.445	 300.0	 -100.0	 1.06	 100.0	 1	 687.0	 0.0	 0.0	 0.0	 0.0	 0.0	 0.0	 0.0	 0.0	 0.0	 0.0	 0.0	 0.0;
	36	 491.522	 52.621	 240.0	 0.0	 1.06	 100.0	 1	 580.0	 0.0	 0.0	 0.0	 0.0	 0.0	 0.0	 0.0	 0.0	 0.0	 0.0	 0.0	 0.0;
	37	 549.462	 0.0	 250.0	 0.0	 1.02991	 100.0	 1	 564.0	 0.0	 0.0	 0.0	 0.0	 0.0	 0.0	 0.0	 0.0	 0.0	 0.0	 0.0	 0.0;
	38	 823.683	 23.62	 300.0	 -150.0	 1.03662	 100.0	 1	 865.0	 0.0	 0.0	 0.0	 0.0	 0.0	 0.0	 0.0	 0.0	 0.0	 0.0	 0.0	 0.0;
	39	 1100.0	 -72.35	 300.0	 -100.0	 0.9979	 100.0	 1	 1100.0	 0.0	 0.0	 0.0	 0.0	 0.0	 0.0	 0.0	 0.0	 0.0	 0.0	 0.0	 0.0;
];

%% generator cost data
%	2	startup	shutdown	n	c(n-1)	...	c0
mpc.gencost = [
	2	 0.0	 0.0	 3	   0.010500	  15.370000	 240.000000;
	2	 0.0	 0.0	 3	   0.009000	  11.290000	 200.000000;
	2	 0.0	 0.0	 3	   0.009000	   8.800000	 220.000000;
	2	 0.0	 0.0	 3	   0.009500	   8.000000	 250.000000;
	2	 0.0	 0.0	 3	   0.008500	  11.400000	 220.000000;
	2	 0.0	 0.0	 3	   0.007500	  10.450000	 190.000000;
	2	 0.0	 0.0	 3	   0.009000	  10.030000	 200.000000;
	2	 0.0	 0.0	 3	   0.009000	  10.150000	 210.000000;
	2	 0.0	 0.0	 3	   0.007000	   7.980000	 230.000000;
	2	 0.0	 0.0	 3	   0.006000	   8.000000	 220.000000;
];

%% branch data
%	fbus	tbus	r	x	b	rateA	rateB	rateC	ratio	angle	status	angmin	angmax
