%%%%%%%%%%%%%%%%%%%%%%%%%%%%%%%%%%%%%%%%%%%%%%%%%%%%%%%%%%%%%%%%%%%%%%%%%%%
%%%%                                                                  %%%%%
%%%%      NICTA Energy System Test Case Archive (NESTA) - v0.7.0      %%%%%
%%%%            Optimal Power Flow - Active Power Increase            %%%%%
%%%%                         05 - June - 2017                         %%%%%
%%%%                                                                  %%%%%
%%%%%%%%%%%%%%%%%%%%%%%%%%%%%%%%%%%%%%%%%%%%%%%%%%%%%%%%%%%%%%%%%%%%%%%%%%%
function mpc = nesta_case29_edin__api
mpc.version = '2';
mpc.baseMVA = 100.0;

%% area data
%	area	refbus
mpc.areas = [
	1	 1;
];

%% bus data
%	bus_i	type	Pd	Qd	Gs	Bs	area	Vm	Va	baseKV	zone	Vmax	Vmin
mpc.bus = [
	1	 2	 2823.23	 102.00	 0.0	 0.0	 1	    1.07816	  -10.88827	 275.0	 1	    1.10000	    0.90000;
	2	 2	 3094.70	 113.00	 0.0	 0.0	 1	    1.10000	   -8.76803	 275.0	 1	    1.10000	    0.90000;
	3	 2	 3348.07	 105.00	 0.0	 0.0	 1	    1.09245	  -10.78651	 132.0	 1	    1.10000	    0.90000;
	4	 2	 7890.58	 317.00	 0.0	 0.0	 1	    1.10000	   -8.60518	 275.0	 1	    1.10000	    0.90000;
	5	 2	 3028.34	 128.00	 0.0	 0.0	 1	    1.10000	   -7.03077	 400.0	 1	    1.10000	    0.90000;
	6	 2	 7094.28	 315.00	 0.0	 0.0	 1	    1.09935	   -7.82002	 400.0	 1	    1.10000	    0.90000;
	7	 2	 4494.25	 171.00	 0.0	 0.0	 1	    1.09092	  -11.56487	 400.0	 1	    1.10000	    0.90000;
	8	 1	 708.82	 37.40	 0.0	 0.0	 1	    1.09037	  -11.58113	 400.0	 1	    1.10000	    0.90000;
	9	 1	 784.23	 53.00	 0.0	 0.0	 1	    1.09438	   -8.56190	 400.0	 1	    1.10000	    0.90000;
	10	 2	 15449.36	 465.00	 0.0	 0.0	 1	    1.08637	   -9.94103	 400.0	 1	    1.10000	    0.90000;
	11	 2	 20269.37	 760.00	 0.0	 0.0	 1	    1.09103	   -6.10767	 400.0	 1	    1.10000	    0.90000;
	12	 2	 7172.70	 338.00	 0.0	 0.0	 1	    1.08596	    4.04838	 400.0	 1	    1.10000	    0.90000;
	13	 1	 15226.16	 766.00	 0.0	 0.0	 1	    1.06610	  -11.46695	 400.0	 1	    1.10000	    0.90000;
	14	 1	 11045.60	 566.50	 0.0	 0.0	 1	    1.08015	  -11.28086	 400.0	 1	    1.10000	    0.90000;
	15	 2	 15883.71	 694.60	 0.0	 0.0	 1	    1.10000	   -6.05501	 400.0	 1	    1.10000	    0.90000;
	16	 2	 9694.31	 655.00	 0.0	 0.0	 1	    1.09295	   -5.69438	 400.0	 1	    1.10000	    0.90000;
	17	 2	 6521.19	 371.00	 0.0	 0.0	 1	    1.09565	   -5.50719	 400.0	 1	    1.10000	    0.90000;
	18	 2	 32346.54	 1935.00	 0.0	 0.0	 1	    1.10000	   -3.55253	 400.0	 1	    1.10000	    0.90000;
	19	 2	 12179.72	 648.00	 0.0	 0.0	 1	    1.08727	   -0.65147	 400.0	 1	    1.10000	    0.90000;
	20	 2	 6197.60	 305.80	 0.0	 0.0	 1	    1.09018	    0.79941	 400.0	 1	    1.10000	    0.90000;
	21	 2	 4234.85	 202.20	 0.0	 0.0	 1	    1.09067	   -0.15993	 400.0	 1	    1.10000	    0.90000;
	22	 2	 10979.24	 665.00	 0.0	 0.0	 1	    1.09258	   -0.41794	 400.0	 1	    1.10000	    0.90000;
	23	 2	 28558.10	 1337.00	 0.0	 0.0	 1	    1.10000	   -1.13140	 400.0	 1	    1.10000	    0.90000;
	24	 1	 8554.16	 528.00	 0.0	 0.0	 1	    1.08612	   -2.49483	 400.0	 1	    1.10000	    0.90000;
	25	 2	 58720.85	 2902.00	 0.0	 0.0	 1	    1.10000	    2.33736	 400.0	 1	    1.10000	    0.90000;
	26	 2	 8590.35	 434.00	 0.0	 0.0	 1	    1.08916	    0.84232	 400.0	 1	    1.10000	    0.90000;
	27	 3	 2756.88	 138.00	 0.0	 0.0	 1	    1.10000	    0.00000	 400.0	 1	    1.10000	    0.90000;
	28	 2	 16595.55	 841.00	 0.0	 0.0	 1	    1.10000	   -3.43417	 400.0	 1	    1.10000	    0.90000;
	29	 2	 15545.88	 356.00	 0.0	 0.0	 1	    1.10000	   -0.89060	 400.0	 1	    1.10000	    0.90000;
];

%% generator data
%	bus	Pg	Qg	Qmax	Qmin	Vg	mBase	status	Pmax	Pmin	Pc1	Pc2	Qc1min	Qc1max	Qc2min	Qc2max	ramp_agc	ramp_10	ramp_30	ramp_q	apf
mpc.gen = [
	1	 809.0	 22.565	 405.0	 -405.0	 1.07816	 100.0	 1	 809	 0.0	 0.0	 0.0	 0.0	 0.0	 0.0	 0.0	 0.0	 0.0	 0.0	 0.0	 0.0; % NG
	1	 726.0	 18.138	 363.0	 -363.0	 1.07816	 100.0	 1	 726	 0.0	 0.0	 0.0	 0.0	 0.0	 0.0	 0.0	 0.0	 0.0	 0.0	 0.0	 0.0; % COW
	1	 809.0	 22.565	 405.0	 -405.0	 1.07816	 100.0	 1	 809	 0.0	 0.0	 0.0	 0.0	 0.0	 0.0	 0.0	 0.0	 0.0	 0.0	 0.0	 0.0; % NG
	1	 0.0	 23.803	 416.0	 -416.0	 1.07816	 100.0	 1	 832	 0.0	 0.0	 0.0	 0.0	 0.0	 0.0	 0.0	 0.0	 0.0	 0.0	 0.0	 0.0; % PEL
	2	 1178.0	 -52.967	 589.0	 -589.0	 1.1	 100.0	 1	 1178	 0.0	 0.0	 0.0	 0.0	 0.0	 0.0	 0.0	 0.0	 0.0	 0.0	 0.0	 0.0; % NG
	2	 1329.0	 102.896	 1108.51	 -665.0	 1.1	 100.0	 1	 1329	 0.0	 0.0	 0.0	 0.0	 0.0	 0.0	 0.0	 0.0	 0.0	 0.0	 0.0	 0.0; % NUC
	2	 1059.0	 -42.952	 530.0	 -530.0	 1.1	 100.0	 1	 1059	 0.0	 0.0	 0.0	 0.0	 0.0	 0.0	 0.0	 0.0	 0.0	 0.0	 0.0	 0.0; % COW
	3	 948.0	 22.048	 474.0	 -474.0	 1.09245	 100.0	 1	 948	 0.0	 0.0	 0.0	 0.0	 0.0	 0.0	 0.0	 0.0	 0.0	 0.0	 0.0	 0.0; % NG
	3	 0.0	 23.367	 488.0	 -488.0	 1.09245	 100.0	 1	 975	 0.0	 0.0	 0.0	 0.0	 0.0	 0.0	 0.0	 0.0	 0.0	 0.0	 0.0	 0.0; % PEL
	3	 1235.0	 37.423	 618.0	 -618.0	 1.09245	 100.0	 1	 1235	 0.0	 0.0	 0.0	 0.0	 0.0	 0.0	 0.0	 0.0	 0.0	 0.0	 0.0	 0.0; % COW
	3	 948.0	 22.048	 474.0	 -474.0	 1.09245	 100.0	 1	 948	 0.0	 0.0	 0.0	 0.0	 0.0	 0.0	 0.0	 0.0	 0.0	 0.0	 0.0	 0.0; % NG
	4	 2192.0	 74.537	 1096.0	 -1096.0	 1.1	 100.0	 1	 2192	 0.0	 0.0	 0.0	 0.0	 0.0	 0.0	 0.0	 0.0	 0.0	 0.0	 0.0	 0.0; % NG
	4	 2053.0	 65.484	 1027.0	 -1027.0	 1.1	 100.0	 1	 2053	 0.0	 0.0	 0.0	 0.0	 0.0	 0.0	 0.0	 0.0	 0.0	 0.0	 0.0	 0.0; % NUC
	4	 2192.0	 74.537	 1096.0	 -1096.0	 1.1	 100.0	 1	 2192	 0.0	 0.0	 0.0	 0.0	 0.0	 0.0	 0.0	 0.0	 0.0	 0.0	 0.0	 0.0; % NG
	4	 2192.0	 74.537	 1096.0	 -1096.0	 1.1	 100.0	 1	 2192	 0.0	 0.0	 0.0	 0.0	 0.0	 0.0	 0.0	 0.0	 0.0	 0.0	 0.0	 0.0; % NG
	5	 1783.0	 18.38	 892.0	 -892.0	 1.1	 100.0	 1	 1783	 0.0	 0.0	 0.0	 0.0	 0.0	 0.0	 0.0	 0.0	 0.0	 0.0	 0.0	 0.0; % NG
	5	 1783.0	 18.38	 892.0	 -892.0	 1.1	 100.0	 1	 1783	 0.0	 0.0	 0.0	 0.0	 0.0	 0.0	 0.0	 0.0	 0.0	 0.0	 0.0	 0.0; % NG
	6	 2639.0	 86.192	 1320.0	 -1320.0	 1.09935	 100.0	 1	 2639	 0.0	 0.0	 0.0	 0.0	 0.0	 0.0	 0.0	 0.0	 0.0	 0.0	 0.0	 0.0; % NUC
	6	 2706.0	 90.536	 1353.0	 -1353.0	 1.09935	 100.0	 1	 2706	 0.0	 0.0	 0.0	 0.0	 0.0	 0.0	 0.0	 0.0	 0.0	 0.0	 0.0	 0.0; % COW
	6	 2084.963	 98.149	 1409.0	 -1409.0	 1.09935	 100.0	 1	 2818	 0.0	 0.0	 0.0	 0.0	 0.0	 0.0	 0.0	 0.0	 0.0	 0.0	 0.0	 0.0; % NG
	7	 1952.0	 -24.628	 976.0	 -976.0	 1.09092	 100.0	 1	 1952	 0.0	 0.0	 0.0	 0.0	 0.0	 0.0	 0.0	 0.0	 0.0	 0.0	 0.0	 0.0; % NG
	7	 1874.0	 -22.701	 937.0	 -937.0	 1.09092	 100.0	 1	 1874	 0.0	 0.0	 0.0	 0.0	 0.0	 0.0	 0.0	 0.0	 0.0	 0.0	 0.0	 0.0; % COW
	7	 0.0	 -26.009	 1003.0	 -1003.0	 1.09092	 100.0	 1	 2006	 0.0	 0.0	 0.0	 0.0	 0.0	 0.0	 0.0	 0.0	 0.0	 0.0	 0.0	 0.0; % PEL
	10	 5703.0	 -90.101	 2852.0	 -2852.0	 1.08637	 100.0	 1	 5703	 0.0	 0.0	 0.0	 0.0	 0.0	 0.0	 0.0	 0.0	 0.0	 0.0	 0.0	 0.0; % COW
	10	 5939.0	 -97.703	 2970.0	 -2970.0	 1.08637	 100.0	 1	 5939	 0.0	 0.0	 0.0	 0.0	 0.0	 0.0	 0.0	 0.0	 0.0	 0.0	 0.0	 0.0; % NG
	10	 1719.934	 -90.101	 2852.0	 -2852.0	 1.08637	 100.0	 1	 5703	 0.0	 0.0	 0.0	 0.0	 0.0	 0.0	 0.0	 0.0	 0.0	 0.0	 0.0	 0.0; % COW
	11	 3008.532	 430.589	 2255.0	 -2255.0	 1.09103	 100.0	 1	 4509	 0.0	 0.0	 0.0	 0.0	 0.0	 0.0	 0.0	 0.0	 0.0	 0.0	 0.0	 0.0; % NG
	11	 4330.0	 398.002	 2165.0	 -2165.0	 1.09103	 100.0	 1	 4330	 0.0	 0.0	 0.0	 0.0	 0.0	 0.0	 0.0	 0.0	 0.0	 0.0	 0.0	 0.0; % COW
	11	 4223.0	 379.355	 2112.0	 -2112.0	 1.09103	 100.0	 1	 4223	 0.0	 0.0	 0.0	 0.0	 0.0	 0.0	 0.0	 0.0	 0.0	 0.0	 0.0	 0.0; % NUC
	11	 4330.0	 398.002	 2165.0	 -2165.0	 1.09103	 100.0	 1	 4330	 0.0	 0.0	 0.0	 0.0	 0.0	 0.0	 0.0	 0.0	 0.0	 0.0	 0.0	 0.0; % COW
	11	 4330.0	 398.002	 2165.0	 -2165.0	 1.09103	 100.0	 1	 4330	 0.0	 0.0	 0.0	 0.0	 0.0	 0.0	 0.0	 0.0	 0.0	 0.0	 0.0	 0.0; % COW
	12	 5485.0	 160.363	 2743.0	 -2743.0	 1.08596	 100.0	 1	 5485	 0.0	 0.0	 0.0	 0.0	 0.0	 0.0	 0.0	 0.0	 0.0	 0.0	 0.0	 0.0; % COW
	12	 5350.0	 152.536	 2675.0	 -2675.0	 1.08596	 100.0	 1	 5350	 0.0	 0.0	 0.0	 0.0	 0.0	 0.0	 0.0	 0.0	 0.0	 0.0	 0.0	 0.0; % NUC
	12	 5712.0	 173.798	 2856.0	 -2856.0	 1.08596	 100.0	 1	 5712	 0.0	 0.0	 0.0	 0.0	 0.0	 0.0	 0.0	 0.0	 0.0	 0.0	 0.0	 0.0; % NG
